0.5448063611984253 0.13250790536403656 -0.4979003965854645
0.6163426637649536 0.24538779258728027 -0.19268812239170074
0.4830923080444336 0.24222230911254883 -0.18574130535125732
0.7018869519233704 0.3037358224391937 -0.1747790277004242
0.3959079384803772 0.29953688383102417 -0.13476380705833435
0.8117308616638184 0.2976393699645996 -0.34493422508239746
0.3000037968158722 0.27325311303138733 -0.26087692379951477
0.5817879438400269 0.5106021761894226 0.0003912650572601706
0.5022706985473633 0.5079020261764526 -0.00029845142853446305
0.5774270296096802 0.7306503057479858 -0.00043925276258960366
0.5029076337814331 0.7380609512329102 -0.00842706672847271
0.5826129913330078 0.9249284267425537 0.16707684099674225
0.5011011362075806 0.9276970028877258 0.15319499373435974
0.54481440782547 0.13260556757450104 -0.5336650609970093
0.6176331043243408 0.24537929892539978 -0.23191173374652863
0.4829833507537842 0.24236096441745758 -0.20463421940803528
0.7080503702163696 0.29345864057540894 -0.2174125611782074
0.3934488892555237 0.2926694452762604 -0.14726023375988007
0.8196907043457031 0.27923011779785156 -0.3828599750995636
0.29318487644195557 0.2530994117259979 -0.2704341411590576
0.581780731678009 0.510972261428833 -0.006288391537964344
0.502048909664154 0.50832200050354 0.0062956600449979305
0.5774364471435547 0.7308284640312195 -0.009216129779815674
0.5027607679367065 0.7385298609733582 0.008694028481841087
0.5825716853141785 0.9249318838119507 0.16684171557426453
0.5011568665504456 0.9279201626777649 0.16699908673763275
0.5448154211044312 0.13271039724349976 -0.531000018119812
0.6188620924949646 0.24549755454063416 -0.22939610481262207
0.4829857349395752 0.24234220385551453 -0.20521977543830872
0.7136664986610413 0.28575268387794495 -0.21762795746326447
0.3925645649433136 0.28583604097366333 -0.1446184366941452
0.8212906718254089 0.25888049602508545 -0.38133832812309265
0.29220232367515564 0.23249197006225586 -0.26188939809799194
0.5817753076553345 0.5116256475448608 -0.008309044875204563
0.5017741322517395 0.5085673928260803 0.008289446122944355
0.5774186849594116 0.7313706874847412 -0.009072462096810341
0.502742350101471 0.7385333776473999 0.014587747864425182
0.5821571946144104 0.9248602986335754 0.16719743609428406
0.5010312795639038 0.9276787042617798 0.17714770138263702
0.5447937846183777 0.13272984325885773 -0.5350878834724426
0.6207422614097595 0.24554117023944855 -0.2338845431804657
0.48324084281921387 0.24233824014663696 -0.20468004047870636
0.719861626625061 0.27824530005455017 -0.23818464577198029
0.3878634572029114 0.2787894904613495 -0.14331930875778198
0.8255176544189453 0.23150745034217834 -0.4001414179801941
0.29089727997779846 0.20762857794761658 -0.2603744566440582
0.5817703008651733 0.5130552649497986 -0.013322527520358562
0.5015609264373779 0.5099835991859436 0.01324494183063507
0.5772785544395447 0.7321150302886963 -0.009043857455253601
0.5027139782905579 0.7398022413253784 0.02833724394440651
0.5821542143821716 0.9248140454292297 0.1716623306274414
0.5009573101997375 0.9279047846794128 0.20038378238677979
0.5447961091995239 0.1327420324087143 -0.5527414083480835
0.6209052801132202 0.2450302243232727 -0.2471507042646408
0.4832483232021332 0.24233369529247284 -0.21226496994495392
0.721980631351471 0.2715233266353607 -0.2633442282676697
0.38526588678359985 0.27303075790405273 -0.14084365963935852
0.8275483250617981 0.21171501278877258 -0.4296606481075287
0.2908148169517517 0.190703347325325 -0.22094981372356415
0.5817897319793701 0.514081597328186 -0.01617550477385521
0.501552402973175 0.5113683938980103 0.0160902701318264
0.5773010849952698 0.7330875992774963 -0.00672395434230566
0.5027264356613159 0.7413539290428162 0.03942939639091492
0.5823708176612854 0.9251782298088074 0.18518638610839844
0.5009600520133972 0.9279121160507202 0.2266848087310791
0.5448113679885864 0.13274580240249634 -0.5742343664169312
0.6210376024246216 0.24432896077632904 -0.2642316520214081
0.48280221223831177 0.24205105006694794 -0.22333863377571106
0.7240371108055115 0.2639986276626587 -0.2900410294532776
0.38272419571876526 0.2675055265426636 -0.14624419808387756
0.8278137445449829 0.19859597086906433 -0.45442718267440796
0.29142075777053833 0.17839567363262177 -0.22135615348815918
0.582220733165741 0.5141683220863342 -0.02110646665096283
0.5015738010406494 0.5121573209762573 0.021008554846048355
0.5773764252662659 0.7335044145584106 -0.006303352769464254
0.5027284026145935 0.741795539855957 0.050531499087810516
0.5826273560523987 0.9252002239227295 0.18983107805252075
0.5009592771530151 0.9279133081436157 0.24022343754768372
0.5448353290557861 0.13280312716960907 -0.5786141157150269
0.621120274066925 0.24422377347946167 -0.2638477087020874
0.4828013777732849 0.24179810285568237 -0.23684494197368622
0.7245813608169556 0.25919824838638306 -0.2845297157764435
0.3791981637477875 0.2624179720878601 -0.18673864006996155
0.8259228467941284 0.18898415565490723 -0.44210129976272583
0.29078027606010437 0.168248251080513 -0.2939038872718811
0.5823429822921753 0.5141004323959351 -0.019316907972097397
0.5015941858291626 0.5121669173240662 0.019243735820055008
0.5773946642875671 0.7338258624076843 -0.006165352649986744
0.5031294822692871 0.7422047257423401 0.041738733649253845
0.5827353000640869 0.9251571893692017 0.18422411382198334
0.5008751749992371 0.9279247522354126 0.22147491574287415
0.5449050664901733 0.13281607627868652 -0.57666015625
0.6210780739784241 0.24396082758903503 -0.25926902890205383
0.482748806476593 0.24161969125270844 -0.24114210903644562
0.7247983813285828 0.25647154450416565 -0.2752073407173157
0.3763180375099182 0.2587949335575104 -0.2043837308883667
0.8249903917312622 0.18509899079799652 -0.42911243438720703
0.29108673334121704 0.16351574659347534 -0.32733815908432007
0.5824263095855713 0.5138150453567505 -0.018453175202012062
0.5015542507171631 0.5121520161628723 0.018406692892313004
0.577444314956665 0.7338762879371643 -0.0062400237657129765
0.5031275153160095 0.7416760325431824 0.035578228533267975
0.5828171968460083 0.9251518249511719 0.1812693178653717
0.5007447600364685 0.9283796548843384 0.21027879416942596
0.5449520945549011 0.13286033272743225 -0.5796645283699036
0.6210485696792603 0.24395164847373962 -0.26067790389060974
0.4825671315193176 0.24128712713718414 -0.23713067173957825
0.723849892616272 0.2575456202030182 -0.2791125178337097
0.3763451874256134 0.2577672302722931 -0.1841498166322708
0.8243721127510071 0.18326695263385773 -0.43667903542518616
0.29157036542892456 0.16409455239772797 -0.3054836094379425
0.5824814438819885 0.5135295391082764 -0.017650321125984192
0.5015506744384766 0.5121944546699524 0.017606228590011597
0.5774500966072083 0.7339885234832764 -0.00548609858378768
0.5034054517745972 0.7420368790626526 0.0360884927213192
0.5828723907470703 0.9251459836959839 0.18247516453266144
0.5007062554359436 0.928338885307312 0.2150457203388214
0.5449568033218384 0.13293512165546417 -0.5833745002746582
0.6210212111473083 0.24378450214862823 -0.2710600793361664
0.48257994651794434 0.2411794662475586 -0.24044331908226013
0.7244885563850403 0.25524795055389404 -0.2934470474720001
0.3765026330947876 0.257694274187088 -0.1886412650346756
0.8238285183906555 0.18377651274204254 -0.4494280219078064
0.29161515831947327 0.16456685960292816 -0.29944831132888794
0.5826607942581177 0.5134230256080627 -0.01784622296690941
0.5015515089035034 0.5122188329696655 0.01779101975262165
0.5774722099304199 0.7342216372489929 -0.0077012935653328896
0.5034677386283875 0.742507815361023 0.03795338422060013
0.5829774141311646 0.9254202246665955 0.18114393949508667
0.500705361366272 0.9279996752738953 0.21580035984516144
0.5449339151382446 0.1331147700548172 -0.5904287099838257
0.6211912631988525 0.24381107091903687 -0.27710583806037903
0.4824243187904358 0.24117468297481537 -0.24510343372821808
0.7249203324317932 0.25563478469848633 -0.3008923828601837
0.37598517537117004 0.25790056586265564 -0.18988625705242157
0.824703574180603 0.18607419729232788 -0.4566466808319092
0.29068341851234436 0.16637183725833893 -0.29311591386795044
0.5826443433761597 0.5134297609329224 -0.017711985856294632
0.5013467073440552 0.512445867061615 0.017652541399002075
0.5774573683738708 0.7350383996963501 -0.007213997188955545
0.5034776926040649 0.7432281374931335 0.040906090289354324
0.5830002427101135 0.9255152344703674 0.1819656491279602
0.5006811022758484 0.9279792308807373 0.22249992191791534
0.5449338555335999 0.13342146575450897 -0.6309013366699219
0.6213459372520447 0.24376563727855682 -0.30908870697021484
0.48220759630203247 0.24117274582386017 -0.280038982629776
0.7255892753601074 0.25491300225257874 -0.32935845851898193
0.3757672905921936 0.25853651762008667 -0.22314830124378204
0.8271633982658386 0.18709221482276917 -0.4822688102722168
0.2898893654346466 0.16795970499515533 -0.3263280987739563
0.582741379737854 0.512595534324646 -0.017960907891392708
0.5012978911399841 0.5114508271217346 0.017868395894765854
0.5774744749069214 0.7350168824195862 -0.007137686014175415
0.5035240054130554 0.7423005700111389 0.04434879869222641
0.5830025672912598 0.9254892468452454 0.1837175190448761
0.5006908774375916 0.9272709488868713 0.22817344963550568
0.5448787808418274 0.13338422775268555 -0.6196955442428589
0.6215181946754456 0.24369852244853973 -0.2899623513221741
0.4818272590637207 0.2410787045955658 -0.2627961337566376
0.725333571434021 0.25689175724983215 -0.302480012178421
0.37634241580963135 0.25976985692977905 -0.17918774485588074
0.8281002044677734 0.19368785619735718 -0.4586189389228821
0.28967005014419556 0.17368082702159882 -0.2624892294406891
0.5829192996025085 0.5121934413909912 -0.01926996558904648
0.5012877583503723 0.5110912322998047 0.019152723252773285
0.5775130987167358 0.734574019908905 -0.01127303671091795
0.5035061836242676 0.7421703338623047 0.04208461567759514
0.5830046534538269 0.9254860281944275 0.17779332399368286
0.5006881952285767 0.9272710084915161 0.22275149822235107
0.5448602437973022 0.13342727720737457 -0.5736515522003174
0.6215298175811768 0.243487149477005 -0.2714928984642029
0.4815964698791504 0.24107010662555695 -0.22394676506519318
0.7249798774719238 0.2580792307853699 -0.2906295955181122
0.3765638470649719 0.26057082414627075 -0.1451917588710785
0.828240692615509 0.19653724133968353 -0.45408111810684204
0.2897810637950897 0.17661504447460175 -0.23081383109092712
0.5829221606254578 0.5123558640480042 -0.0199006088078022
0.50103360414505 0.511150598526001 0.01979973539710045
0.577487051486969 0.7345726490020752 -0.011199711821973324
0.5034847855567932 0.7419811487197876 0.041173305362463
0.5830013751983643 0.9254862666130066 0.17661099135875702
0.5007697343826294 0.9271422028541565 0.219960018992424
0.5448459982872009 0.13364921510219574 -0.5720263719558716
0.6216027140617371 0.24349182844161987 -0.27101534605026245
0.4815141260623932 0.2410830408334732 -0.22270171344280243
0.7248214483261108 0.25886568427085876 -0.2862720489501953
0.37669262290000916 0.26111677289009094 -0.1479126513004303
0.8286086320877075 0.1982944905757904 -0.447561115026474
0.28905802965164185 0.1778661608695984 -0.23853322863578796
0.5829105377197266 0.5130118131637573 -0.019980737939476967
0.500994086265564 0.5117566585540771 0.019894886761903763
0.5775207281112671 0.7347530126571655 -0.01104331761598587
0.5034133791923523 0.7421411871910095 0.041483357548713684
0.582873523235321 0.92548668384552 0.17662817239761353
0.500927746295929 0.9274998903274536 0.22115342319011688
0.5448082089424133 0.1336551159620285 -0.5664399266242981
0.6217187643051147 0.2434912472963333 -0.26592299342155457
0.4815196990966797 0.2410310059785843 -0.22097131609916687
0.7247337698936462 0.25943654775619507 -0.28392091393470764
0.37694641947746277 0.2615019977092743 -0.15191508829593658
0.8287161588668823 0.19976983964443207 -0.4468696117401123
0.2881970703601837 0.1783962994813919 -0.2467775046825409
0.5829110741615295 0.5137170553207397 -0.01982826553285122
0.5009564161300659 0.5120813846588135 0.01974336989223957
0.5775707960128784 0.734788179397583 -0.01091749221086502
0.5032177567481995 0.742136538028717 0.04120022803544998
0.5828527212142944 0.9255726337432861 0.17643961310386658
0.5008849501609802 0.9274963736534119 0.22103330492973328
0.5448100566864014 0.13357733190059662 -0.5749193429946899
0.6217819452285767 0.24342867732048035 -0.27015557885169983
0.48156338930130005 0.2408241331577301 -0.2278122454881668
0.7247721552848816 0.2598724067211151 -0.28567060828208923
0.3772028088569641 0.2617824375629425 -0.16300350427627563
0.8287752866744995 0.20094117522239685 -0.44612717628479004
0.28740912675857544 0.17853251099586487 -0.26775062084198
0.5828990340232849 0.5137085318565369 -0.020149892196059227
0.500813364982605 0.5119655728340149 0.020053405314683914
0.5775501132011414 0.7347381114959717 -0.01159803569316864
0.5032222270965576 0.7413454651832581 0.04143955186009407
0.5828538537025452 0.9255821704864502 0.17508962750434875
0.5008927583694458 0.927499532699585 0.22061851620674133
0.5448158979415894 0.13368242979049683 -0.5935751795768738
0.6218758821487427 0.24340187013149261 -0.2825716435909271
0.4814412593841553 0.24079908430576324 -0.2415499985218048
0.7250397205352783 0.2601059079170227 -0.29816538095474243
0.3774772882461548 0.2619751989841461 -0.17659816145896912
0.8286138772964478 0.20176005363464355 -0.4579964578151703
0.2866193950176239 0.1783439964056015 -0.2808067798614502
0.5827944278717041 0.5140380859375 -0.02041093446314335
0.5006593465805054 0.5119897127151489 0.020312543958425522
0.5774804353713989 0.7348068356513977 -0.01236526109278202
0.5031312704086304 0.7414433360099792 0.043197423219680786
0.5828245878219604 0.9256764650344849 0.1739267259836197
0.500900387763977 0.927545428276062 0.2229602038860321
0.5447959303855896 0.13368259370326996 -0.5848601460456848
0.6218731999397278 0.24326297640800476 -0.27574223279953003
0.48152533173561096 0.24035316705703735 -0.23083341121673584
0.724981963634491 0.26031944155693054 -0.297950804233551
0.37767714262008667 0.2618747353553772 -0.1683025062084198
0.8285301923751831 0.2023831009864807 -0.45475926995277405
0.2856401801109314 0.17795883119106293 -0.27835747599601746
0.5827809572219849 0.5140562653541565 -0.020937930792570114
0.5006498694419861 0.5120196342468262 0.020847592502832413
0.5774894952774048 0.7346732020378113 -0.014556443318724632
0.502933144569397 0.7414279580116272 0.04297531396150589
0.5828507542610168 0.9253857731819153 0.16983537375926971
0.5009142160415649 0.9278263449668884 0.22250232100486755
0.5448046922683716 0.13362577557563782 -0.5888274908065796
0.6219013929367065 0.24314750730991364 -0.27669599652290344
0.481524795293808 0.2402334213256836 -0.23948228359222412
0.724943995475769 0.2603679895401001 -0.29568034410476685
0.37652498483657837 0.26109978556632996 -0.18389445543289185
0.8285261988639832 0.20273511111736298 -0.4535577893257141
0.28397834300994873 0.1775587648153305 -0.2981410622596741
0.5827997922897339 0.5140056014060974 -0.020859668031334877
0.5006541609764099 0.5113983750343323 0.020767834037542343
0.5775927901268005 0.7349060773849487 -0.014759190380573273
0.502945065498352 0.7413557171821594 0.042825572192668915
0.5827328562736511 0.9251524806022644 0.16933682560920715
0.5009307265281677 0.9277079701423645 0.22137221693992615
0.5448051691055298 0.13366597890853882 -0.6025375127792358
0.621788501739502 0.2424994856119156 -0.28632208704948425
0.4815305769443512 0.2399785965681076 -0.2513585388660431
0.7247443199157715 0.2603970766067505 -0.30349040031433105
0.37657344341278076 0.26097118854522705 -0.19148629903793335
0.8284754753112793 0.2030218243598938 -0.46140480041503906
0.28413620591163635 0.1777595579624176 -0.29973796010017395
0.5828877091407776 0.5131105184555054 -0.020878490060567856
0.5006507635116577 0.510364294052124 0.020785870030522346
0.577587366104126 0.7332072854042053 -0.014354899525642395
0.5027678608894348 0.7401361465454102 0.04377054423093796
0.582683801651001 0.9235755205154419 0.17108406126499176
0.5011164546012878 0.9266847968101501 0.22176142036914825
0.544922947883606 0.1330939382314682 -0.5962770581245422
0.6218006610870361 0.24240350723266602 -0.28599172830581665
0.48152589797973633 0.23987771570682526 -0.24802879989147186
0.7247107028961182 0.2601013481616974 -0.30074357986450195
0.3766201138496399 0.26022523641586304 -0.1881583034992218
0.8284441232681274 0.2032446414232254 -0.46012550592422485
0.2837008237838745 0.17767781019210815 -0.293823778629303
0.5828148126602173 0.5128964185714722 -0.019951241090893745
0.5002045035362244 0.5101094841957092 0.01984979957342148
0.5776647925376892 0.7325895428657532 -0.011150958947837353
0.5028424263000488 0.7387879490852356 0.04227983579039574
0.582694947719574 0.922994077205658 0.17423781752586365
0.5014523267745972 0.9248653054237366 0.22099356353282928
0.5449498295783997 0.13250522315502167 -0.5946075916290283
0.6219844222068787 0.24239672720432281 -0.2841181755065918
0.4816090166568756 0.2395542711019516 -0.24789397418498993
0.7246896028518677 0.26016420125961304 -0.2989004850387573
0.3764968812465668 0.26027336716651917 -0.18706943094730377
0.8285870552062988 0.20327694714069366 -0.457750141620636
0.2826170027256012 0.17744304239749908 -0.30228087306022644
0.582781195640564 0.5126765370368958 -0.01994299702346325
0.5001713037490845 0.5095592737197876 0.019841786473989487
0.577565610408783 0.7323211431503296 -0.011328013613820076
0.5028478503227234 0.7383369207382202 0.04220447689294815
0.5826964378356934 0.9228038191795349 0.1733711063861847
0.5017414093017578 0.9248494505882263 0.21953043341636658
0.544934868812561 0.13250644505023956 -0.5897749066352844
0.6219848990440369 0.24232541024684906 -0.28367817401885986
0.4817747473716736 0.23950906097888947 -0.23773963749408722
0.7246272563934326 0.2607620060443878 -0.2985275387763977
0.3767089247703552 0.26042792201042175 -0.17998448014259338
0.8285706639289856 0.20457787811756134 -0.4563194215297699
0.2826930284500122 0.17766128480434418 -0.2976521849632263
0.5827661752700806 0.5126236081123352 -0.021372836083173752
0.5001185536384583 0.50950688123703 0.021272452548146248
0.5775824785232544 0.7321843504905701 -0.014019796624779701
0.5028553009033203 0.7382460832595825 0.043553490191698074
0.5827444791793823 0.9229977130889893 0.16853100061416626
0.5018792152404785 0.9248732924461365 0.21976172924041748
0.5449396371841431 0.13281111419200897 -0.5909370183944702
0.621905505657196 0.242344930768013 -0.28203219175338745
0.48146194219589233 0.23950955271720886 -0.23796407878398895
0.7246062159538269 0.26188501715660095 -0.2963070273399353
0.3769271969795227 0.2613745331764221 -0.1807435154914856
0.8286164999008179 0.20680764317512512 -0.45466119050979614
0.2824731767177582 0.1788209080696106 -0.30527263879776
0.5825243592262268 0.512942373752594 -0.022259514778852463
0.49990519881248474 0.5098379850387573 0.022163596004247665
0.577454149723053 0.7326761484146118 -0.01610841229557991
0.5027677416801453 0.7385135889053345 0.04585592448711395
0.582922101020813 0.9245994687080383 0.16622315347194672
0.5013108253479004 0.9264999032020569 0.2234359234571457
0.5449491739273071 0.13307109475135803 -0.5929876565933228
0.6220158934593201 0.2424108237028122 -0.28085413575172424
0.4813525676727295 0.23971834778785706 -0.24015629291534424
0.7243229150772095 0.26363641023635864 -0.2959291338920593
0.3774198889732361 0.2622000575065613 -0.18059206008911133
0.8286609649658203 0.2090945839881897 -0.45376938581466675
0.28253889083862305 0.182510107755661 -0.29870113730430603
0.582522988319397 0.5132187008857727 -0.02205548994243145
0.49988192319869995 0.5101553201675415 0.021965403109788895
0.577448844909668 0.7331224679946899 -0.01559312641620636
0.502758800983429 0.7396873235702515 0.04550459235906601
0.582931399345398 0.9252176284790039 0.16816210746765137
0.5012947916984558 0.9270612597465515 0.22337551414966583
0.5449457168579102 0.13307496905326843 -0.5815458297729492
0.6222303509712219 0.24236269295215607 -0.27333638072013855
0.4816349148750305 0.23967789113521576 -0.23555497825145721
0.7237473726272583 0.2651713490486145 -0.27909785509109497
0.37824100255966187 0.262832909822464 -0.1762550175189972
0.8286772966384888 0.21228919923305511 -0.4363437592983246
0.2827242612838745 0.1853446662425995 -0.294643372297287
0.5824763774871826 0.5126477479934692 -0.021598389372229576
0.4998617172241211 0.5095179080963135 0.021502351388335228
0.577447772026062 0.7328175902366638 -0.01618385873734951
0.5027510523796082 0.7394653558731079 0.03961705416440964
0.5829095840454102 0.925220787525177 0.16335895657539368
0.50131756067276 0.9271590113639832 0.2102641612291336
0.5449705123901367 0.13308070600032806 -0.5667227506637573
0.6223486065864563 0.24246446788311005 -0.2561980187892914
0.48162946105003357 0.2396823763847351 -0.2224324494600296
0.723501980304718 0.2661987841129303 -0.26400506496429443
0.3786640763282776 0.2630980312824249 -0.16194084286689758
0.8289220929145813 0.2138780951499939 -0.42488065361976624
0.282711923122406 0.186488077044487 -0.2794574499130249
0.5824886560440063 0.513148307800293 -0.020997721701860428
0.49993187189102173 0.5102481245994568 0.020920438691973686
0.5774630308151245 0.7328649163246155 -0.011675002053380013
0.5026289224624634 0.7396740317344666 0.03966100141406059
0.582926332950592 0.9250465631484985 0.17281921207904816
0.501322865486145 0.9271573424339294 0.2111455500125885
0.5449909567832947 0.13290062546730042 -0.5576629042625427
0.6223310232162476 0.24247673153877258 -0.251090943813324
0.4816373288631439 0.23967954516410828 -0.21401086449623108
0.7234882116317749 0.26641207933425903 -0.26041585206985474
0.37886422872543335 0.2632421553134918 -0.15122412145137787
0.82891446352005 0.21512645483016968 -0.42321068048477173
0.2825608551502228 0.18751554191112518 -0.26353543996810913
0.5822798013687134 0.513554573059082 -0.020724408328533173
0.4998544156551361 0.5107226371765137 0.020653245970606804
0.5776365995407104 0.7335555553436279 -0.010570715181529522
0.5026835799217224 0.740050196647644 0.039691515266895294
0.5829266905784607 0.9250439405441284 0.17417901754379272
0.5013781189918518 0.9270856976509094 0.21388737857341766
0.5450502038002014 0.13252058625221252 -0.5616283416748047
0.6223101019859314 0.2424403876066208 -0.2534450888633728
0.4816703796386719 0.23953017592430115 -0.2178923338651657
0.7234970331192017 0.2664969563484192 -0.26193034648895264
0.3790331184864044 0.26352715492248535 -0.15545602142810822
0.8289453387260437 0.21572211384773254 -0.42137670516967773
0.28237518668174744 0.18914788961410522 -0.2817138731479645
0.5822784304618835 0.5133534669876099 -0.020322604104876518
0.49984607100486755 0.5104696154594421 0.020250556990504265
0.5776233077049255 0.7334715127944946 -0.009289262816309929
0.5026852488517761 0.7396693825721741 0.03958762809634209
0.582870602607727 0.9245617985725403 0.17462226748466492
0.5013805627822876 0.9265454411506653 0.2140645682811737
0.5450453162193298 0.13250018656253815 -0.5510119795799255
0.6223166584968567 0.2424570769071579 -0.24528661370277405
0.48181167244911194 0.23930540680885315 -0.21169742941856384
0.7231457233428955 0.2667458653450012 -0.252595454454422
0.37916356325149536 0.263723224401474 -0.1558127999305725
0.8286773562431335 0.21639765799045563 -0.411884069442749
0.2822735905647278 0.1900314837694168 -0.2802809476852417
0.5822111964225769 0.5133424997329712 -0.019655494019389153
0.49984902143478394 0.51042640209198 0.019595880061388016
0.5776837468147278 0.7334640026092529 -0.009171441197395325
0.5027328729629517 0.7396503686904907 0.03689569979906082
0.5828787088394165 0.9240120053291321 0.17398962378501892
0.5014830827713013 0.9264243245124817 0.20809483528137207
0.545123279094696 0.13222737610340118 -0.5550081729888916
0.6223040223121643 0.2423989325761795 -0.2481410801410675
0.482122004032135 0.23921991884708405 -0.21403805911540985
0.7228723764419556 0.26694566011428833 -0.2561761736869812
0.3792932629585266 0.2639175355434418 -0.1657380759716034
0.8284182548522949 0.21699804067611694 -0.4164222776889801
0.2822863757610321 0.1920342892408371 -0.29254552721977234
0.5823458433151245 0.5119301676750183 -0.020187027752399445
0.49999648332595825 0.5081875920295715 0.02011796273291111
0.577684223651886 0.732958972454071 -0.019657988101243973
0.5027349591255188 0.7393903136253357 0.03571547940373421
0.5828837156295776 0.9242046475410461 0.15242917835712433
0.5015057325363159 0.9265317320823669 0.20173875987529755
0.545027494430542 0.1322745680809021 -0.5579389929771423
0.6221656799316406 0.24237540364265442 -0.2506123185157776
0.48208823800086975 0.23953786492347717 -0.2154100239276886
0.7221912741661072 0.2670021057128906 -0.2593946158885956
0.37916451692581177 0.2639378309249878 -0.16935816407203674
0.8283594846725464 0.21724407374858856 -0.4191405177116394
0.2820512056350708 0.1927955448627472 -0.2949443459510803
0.582342803478241 0.5119361877441406 -0.019547056406736374
0.4999784529209137 0.5082338452339172 0.019477548077702522
0.5777081251144409 0.7329660654067993 -0.016951434314250946
0.5027004480361938 0.7390202283859253 0.03574306517839432
0.5828841924667358 0.9242029786109924 0.15922142565250397
0.5015090703964233 0.9264886975288391 0.20366258919239044
0.5448433756828308 0.1322716325521469 -0.5598664283752441
0.6221585273742676 0.24237355589866638 -0.2510700225830078
0.4820212423801422 0.239787757396698 -0.21597261726856232
0.7221845388412476 0.26699915528297424 -0.2600652575492859
0.3789021372795105 0.2640654444694519 -0.17240171134471893
0.82843416929245 0.21734532713890076 -0.420403391122818
0.28041258454322815 0.192698672413826 -0.29946771264076233
0.5822900533676147 0.512130081653595 -0.019353322684764862
0.4999605119228363 0.5085394382476807 0.01927870325744152
0.5776324272155762 0.73321133852005 -0.016073210164904594
0.5026741623878479 0.739108681678772 0.036077920347452164
0.5829451084136963 0.9242228865623474 0.16074568033218384
0.5014427304267883 0.9264050722122192 0.20595738291740417
0.5448198318481445 0.1315964162349701 -0.5603331327438354
0.6221005320549011 0.24233222007751465 -0.2526642680168152
0.48200926184654236 0.23978784680366516 -0.21744437515735626
0.7221425771713257 0.2669748365879059 -0.26140469312667847
0.3788570165634155 0.26407673954963684 -0.1738518476486206
0.8284316062927246 0.2172846645116806 -0.4214878976345062
0.2793113589286804 0.19276151061058044 -0.3020012676715851
0.5822876691818237 0.5121117234230042 -0.01927849091589451
0.49992722272872925 0.5085667967796326 0.019203631207346916
0.5776336193084717 0.733194887638092 -0.011892976239323616
0.5026786923408508 0.7387822270393372 0.03635086119174957
0.5829726457595825 0.9240652322769165 0.1680128574371338
0.5014123320579529 0.926349937915802 0.20646169781684875
0.5447530150413513 0.1315072625875473 -0.571808397769928
0.6220958828926086 0.2422138899564743 -0.2632381021976471
0.48211246728897095 0.2397325038909912 -0.22692325711250305
0.7221430540084839 0.26682087779045105 -0.2722577750682831
0.3786236643791199 0.2640775442123413 -0.1776745766401291
0.828436553478241 0.21708698570728302 -0.43000683188438416
0.27929383516311646 0.19275087118148804 -0.30165523290634155
0.5821982622146606 0.5117971301078796 -0.01960190385580063
0.49984827637672424 0.5083451271057129 0.019520310685038567
0.5776339769363403 0.732903778553009 -0.012520037591457367
0.5025714039802551 0.7387718558311462 0.03852760046720505
0.5830123424530029 0.9240533113479614 0.1676674783229828
0.5015037655830383 0.926299512386322 0.20963482558727264
0.5447388291358948 0.1312684565782547 -0.5795179009437561
0.62210613489151 0.24196834862232208 -0.2713618576526642
0.48223719000816345 0.2391800433397293 -0.23412971198558807
0.7221206426620483 0.2666138708591461 -0.28047484159469604
0.3788630962371826 0.26410096883773804 -0.18258628249168396
0.8282105326652527 0.21699409186840057 -0.4377208650112152
0.2793789207935333 0.19282452762126923 -0.3054026961326599
0.5822552442550659 0.5110064148902893 -0.019643833860754967
0.4998447895050049 0.50773686170578 0.019562887027859688
0.5776526927947998 0.7326629757881165 -0.012916257604956627
0.5025248527526855 0.7384854555130005 0.03912203758955002
0.5830050706863403 0.9239527583122253 0.16723918914794922
0.5015011429786682 0.9261049032211304 0.2098514586687088
0.5446698069572449 0.13064968585968018 -0.5722967386245728
0.6219631433486938 0.2418784201145172 -0.27037182450294495
0.4822479784488678 0.23839698731899261 -0.23222143948078156
0.7218769788742065 0.266701877117157 -0.27733877301216125
0.3788165748119354 0.2641882002353668 -0.1815398931503296
0.8281453847885132 0.21721002459526062 -0.4338180124759674
0.27902939915657043 0.1927730292081833 -0.30658847093582153
0.5822510123252869 0.5101346373558044 -0.01966927945613861
0.4998488426208496 0.5071635842323303 0.019587082788348198
0.5777181386947632 0.7323716878890991 -0.013111104257404804
0.5025495886802673 0.7380439639091492 0.0390160009264946
0.5829607248306274 0.9236752390861511 0.16601954400539398
0.5014939904212952 0.9258788824081421 0.20821931958198547
0.5446174740791321 0.13019797205924988 -0.5706683993339539
0.6218584179878235 0.2417808622121811 -0.2695756256580353
0.48225513100624084 0.2378467470407486 -0.23209092020988464
0.7216777801513672 0.266771525144577 -0.2769619822502136
0.37873852252960205 0.2642316520214081 -0.1819475293159485
0.828129768371582 0.21733564138412476 -0.43275055289268494
0.2786882519721985 0.1927288919687271 -0.31014326214790344
0.582239031791687 0.5094585418701172 -0.019700301811099052
0.4998466372489929 0.5066542625427246 0.019616317003965378
0.5777446031570435 0.7320706248283386 -0.013560518622398376
0.5025622844696045 0.7376171350479126 0.03887668997049332
0.582928478717804 0.923436164855957 0.1645219475030899
0.5014815330505371 0.9257186651229858 0.20689983665943146
0.5444737672805786 0.13015207648277283 -0.5702745318412781
0.6218823194503784 0.24172906577587128 -0.2690190076828003
0.48225539922714233 0.23759599030017853 -0.2291996031999588
0.721315324306488 0.26718589663505554 -0.2766270041465759
0.37855181097984314 0.2640245258808136 -0.1785678118467331
0.8281313180923462 0.21852952241897583 -0.4326034486293793
0.2785166800022125 0.19271565973758698 -0.30734163522720337
0.5820753574371338 0.5093948245048523 -0.020015645772218704
0.49969881772994995 0.5066561698913574 0.019931871443986893
0.5777450203895569 0.7319375276565552 -0.015000274404883385
0.5024324655532837 0.7375759482383728 0.03917187452316284
0.5829325914382935 0.9234338402748108 0.16249442100524902
0.5015562772750854 0.9257148504257202 0.20738835632801056
0.5444110631942749 0.1297491192817688 -0.5575991868972778
0.6219437122344971 0.24172943830490112 -0.26016587018966675
0.4822322726249695 0.23758777976036072 -0.22145318984985352
0.7213134765625 0.2681804299354553 -0.2678203582763672
0.37855222821235657 0.26412075757980347 -0.1749686300754547
0.8278586268424988 0.2208961397409439 -0.4247913956642151
0.2784140408039093 0.19298408925533295 -0.30668190121650696
0.5821320414543152 0.5093176960945129 -0.0199497751891613
0.49974966049194336 0.5065891146659851 0.01986556686460972
0.5778830051422119 0.731525182723999 -0.014989915303885937
0.5024276971817017 0.737365186214447 0.03772959113121033
0.5830377340316772 0.9233149886131287 0.16274473071098328
0.5015403628349304 0.9255390167236328 0.20385900139808655
0.5442485213279724 0.12968303263187408 -0.5590149164199829
0.6216731667518616 0.24169693887233734 -0.26027151942253113
0.4823165535926819 0.23745891451835632 -0.2218921184539795
0.7209639549255371 0.2695108950138092 -0.2660331428050995
0.3785646855831146 0.2641262412071228 -0.17500683665275574
0.8273545503616333 0.22432252764701843 -0.42349639534950256
0.27833521366119385 0.1933475136756897 -0.30676180124282837
0.5821751952171326 0.5085350871086121 -0.019948042929172516
0.49997204542160034 0.5059205889701843 0.019863922148942947
0.5778549313545227 0.7306675314903259 -0.015613784082233906
0.5024265050888062 0.7363726496696472 0.03734831511974335
0.5830063819885254 0.9232663512229919 0.16035622358322144
0.5016796588897705 0.9248378872871399 0.20359542965888977
0.5441570281982422 0.12954233586788177 -0.549805223941803
0.6208418607711792 0.24159066379070282 -0.25073039531707764
0.4822358191013336 0.23712840676307678 -0.21505220234394073
0.7195782661437988 0.27262476086616516 -0.25215789675712585
0.37856525182724 0.2642059624195099 -0.17124637961387634
0.8255850076675415 0.23157452046871185 -0.4124445915222168
0.27832692861557007 0.19375063478946686 -0.30900144577026367
0.5821992754936218 0.5073049664497375 -0.01994677260518074
0.4999709725379944 0.5055809020996094 0.019863208755850792
0.5778865218162537 0.7282432913780212 -0.01933305710554123
0.5024328231811523 0.7354598641395569 0.033084772527217865
0.5830767750740051 0.9226338267326355 0.15294256806373596
0.5016981363296509 0.9244005084037781 0.19164469838142395
0.5440353155136108 0.12935510277748108 -0.5416422486305237
0.6206294894218445 0.24158714711666107 -0.2481420785188675
0.4822457730770111 0.23640736937522888 -0.20336706936359406
0.7175325751304626 0.2757820785045624 -0.2471787929534912
0.37872132658958435 0.2642131745815277 -0.15737006068229675
0.8224866986274719 0.24128231406211853 -0.40878933668136597
0.27829092741012573 0.19416557252407074 -0.30226919054985046
0.5821626782417297 0.5072838664054871 -0.020940333604812622
0.4999277591705322 0.5053970813751221 0.020878508687019348
0.5778378248214722 0.7281273007392883 -0.02397213503718376
0.5023922324180603 0.735295295715332 0.03339118883013725
0.5831292867660522 0.9226361513137817 0.14560386538505554
0.5019807815551758 0.9236524701118469 0.1932695209980011
0.54390549659729 0.128422811627388 -0.5346273183822632
0.6198599338531494 0.24163579940795898 -0.24350741505622864
0.4821907877922058 0.23563940823078156 -0.19654890894889832
0.7155574560165405 0.280826210975647 -0.23648075759410858
0.37882885336875916 0.2644975185394287 -0.1441885530948639
0.8215141296386719 0.2511613070964813 -0.3987572193145752
0.27829334139823914 0.19572724401950836 -0.28341588377952576
0.5821351408958435 0.5070714354515076 -0.0210687518119812
0.49992626905441284 0.5050448775291443 0.021015290170907974
0.577836275100708 0.7280035614967346 -0.02322053350508213
0.5022155046463013 0.7352349162101746 0.03350377827882767
0.5828353762626648 0.9224399924278259 0.1477840393781662
0.5020359754562378 0.9235082864761353 0.19362838566303253
0.5438388586044312 0.1283670961856842 -0.5389188528060913
0.6188724040985107 0.24177208542823792 -0.2430773228406906
0.48192882537841797 0.23557360470294952 -0.20092341303825378
0.7119552493095398 0.28881457448005676 -0.23241934180259705
0.3790625333786011 0.26646751165390015 -0.14924442768096924
0.819225013256073 0.26434841752052307 -0.39895325899124146
0.27839773893356323 0.20258794724941254 -0.28640016913414
0.5821341276168823 0.5069218277931213 -0.019435642287135124
0.4999636113643646 0.5050179362297058 0.019403384998440742
0.5780292749404907 0.7280915975570679 -0.022133905440568924
0.5024060010910034 0.7353566884994507 0.028406720608472824
0.5829166173934937 0.9225783944129944 0.1487760692834854
0.5019105076789856 0.9239841103553772 0.18595068156719208
0.5437866449356079 0.12833468616008759 -0.5387237071990967
0.6178298592567444 0.2418961524963379 -0.23706214129924774
0.48180264234542847 0.23561163246631622 -0.20348520576953888
0.709100604057312 0.2927156686782837 -0.21898718178272247
0.3790667653083801 0.26957228779792786 -0.15581004321575165
0.8168396949768066 0.2733955979347229 -0.3840889036655426
0.27827900648117065 0.21041236817836761 -0.30970242619514465
0.5820275545120239 0.5066676735877991 -0.014717765152454376
0.5000158548355103 0.5045286417007446 0.01470809243619442
0.5780259966850281 0.7281132340431213 -0.01793556474149227
0.502364993095398 0.73531574010849 0.019234057515859604
0.5829291343688965 0.9226495623588562 0.1498418152332306
0.5018259286880493 0.9239732623100281 0.17473110556602478
0.5437788367271423 0.1282859742641449 -0.5156196355819702
0.6168561577796936 0.2419065684080124 -0.21774807572364807
0.4817476272583008 0.23561133444309235 -0.18705977499485016
0.7059197425842285 0.29826483130455017 -0.19938746094703674
0.38148340582847595 0.2730702757835388 -0.13841526210308075
0.8141345977783203 0.28232091665267944 -0.3672938644886017
0.27877214550971985 0.22064290940761566 -0.28956255316734314
0.5818148255348206 0.5067456960678101 -0.013091595843434334
0.5000486373901367 0.5047926306724548 0.013122755102813244
0.578096866607666 0.7280685305595398 -0.016197580844163895
0.5023502111434937 0.7352848649024963 0.014980480074882507
0.5829334855079651 0.9225001931190491 0.15066993236541748
0.5018272995948792 0.923568606376648 0.16790415346622467
0.5437381267547607 0.1283135563135147 -0.5248831510543823
0.6164116263389587 0.2416396588087082 -0.22420985996723175
0.48177370429039 0.2353326827287674 -0.192916601896286
0.7031412124633789 0.30334755778312683 -0.20301039516925812
0.3837636709213257 0.2771593928337097 -0.144288569688797
0.8121482133865356 0.290378212928772 -0.3699798882007599
0.2787773311138153 0.22837290167808533 -0.29441899061203003
0.5816065669059753 0.506376326084137 -0.012480252422392368
0.5000666379928589 0.5043588876724243 0.012523273006081581
0.5781406164169312 0.7275591492652893 -0.018581923097372055
0.5020586252212524 0.7347394227981567 0.013564693741500378
0.5829269886016846 0.9224401116371155 0.14439727365970612
0.5020230412483215 0.9223072528839111 0.1648034304380417
0.5437301397323608 0.12718446552753448 -0.5254282355308533
0.6163636445999146 0.24162596464157104 -0.22214388847351074
0.4817724823951721 0.23420073091983795 -0.2081284523010254
0.6951898336410522 0.32332363724708557 -0.1816563904285431
0.39019057154655457 0.28991854190826416 -0.15811046957969666
0.8065349459648132 0.3393837809562683 -0.3595121502876282
0.29053646326065063 0.27138492465019226 -0.29929810762405396
0.581603467464447 0.5053651332855225 -0.007264153566211462
0.5002260208129883 0.5029651522636414 0.007344292942434549
0.5785525441169739 0.7266875505447388 -0.018551047891378403
0.5020994544029236 0.7336633205413818 -0.004101642873138189
0.5830311179161072 0.9224289059638977 0.1402468979358673
0.5020803809165955 0.9220184683799744 0.14262159168720245
0.5437234044075012 0.12702229619026184 -0.5293904542922974
0.6162731647491455 0.24159054458141327 -0.19855627417564392
0.48191118240356445 0.2334120273590088 -0.2094549685716629
0.6895610094070435 0.3311656415462494 -0.12985633313655853
0.3957921266555786 0.2993346154689789 -0.16177326440811157
0.7965197563171387 0.35769122838974 -0.3095928430557251
0.30146324634552 0.2951960563659668 -0.32471877336502075
0.5816031694412231 0.5016944408416748 0.0021209311671555042
0.5005396604537964 0.4996604919433594 -0.0020028995350003242
0.5785788893699646 0.7249961495399475 -0.010475979186594486
0.5020983815193176 0.7322661280632019 -0.023064840584993362
0.5830284953117371 0.9216417670249939 0.14175459742546082
0.5019230842590332 0.9220414757728577 0.1204259842634201
0.5437262058258057 0.12702126801013947 -0.5226567983627319
0.6162917017936707 0.24159449338912964 -0.1863841712474823
0.4819733202457428 0.23340973258018494 -0.20583105087280273
0.6876749992370605 0.33664610981941223 -0.11574636399745941
0.40223032236099243 0.3045693635940552 -0.16114194691181183
0.789405345916748 0.3733803331851959 -0.29140210151672363
0.3059954345226288 0.3105044364929199 -0.32434162497520447
0.581590473651886 0.5018470287322998 0.002938824938610196
0.5007893443107605 0.49976450204849243 -0.002819097600877285
0.5786138772964478 0.7250468134880066 -0.005197180435061455
0.5022052526473999 0.7322817444801331 -0.01824023760855198
0.5830992460250854 0.9215794801712036 0.14481160044670105
0.5019233822822571 0.9220613241195679 0.12872058153152466
0.5437155961990356 0.12703141570091248 -0.5667997598648071
0.6163748502731323 0.2416841834783554 -0.22799763083457947
0.4819794297218323 0.23341669142246246 -0.2318280190229416
0.6888715624809265 0.34072065353393555 -0.15361499786376953
0.4051077365875244 0.3086995780467987 -0.17442694306373596
0.7869446873664856 0.39058926701545715 -0.32241180539131165
0.3096112012863159 0.32524025440216064 -0.3269955515861511
0.5817205309867859 0.5019786953926086 0.0006929318187758327
0.5013450384140015 0.4997918903827667 -0.0006009920034557581
0.5790917277336121 0.725202202796936 -0.004123843275010586
0.5023881793022156 0.7323065400123596 -0.014238402247428894
0.5831697583198547 0.921514630317688 0.15562376379966736
0.5022197365760803 0.9219282269477844 0.1396889090538025
0.5437120199203491 0.12697969377040863 -0.5647073984146118
0.6165435314178467 0.24180303514003754 -0.23365096747875214
0.4816718101501465 0.23342569172382355 -0.23409605026245117
0.6892215013504028 0.34355881810188293 -0.16381356120109558
0.4034000039100647 0.31119170784950256 -0.17773716151714325
0.7825064063072205 0.4041142165660858 -0.3279837965965271
0.30951911211013794 0.33264273405075073 -0.3285549283027649
0.5817097425460815 0.5020983815193176 -0.0006453564274124801
0.5014601945877075 0.4999355375766754 0.0007227795431390405
0.5800086259841919 0.7252858877182007 -0.0051211523823440075
0.5024042129516602 0.7323243021965027 -0.008260762318968773
0.5831727385520935 0.9214289784431458 0.15581953525543213
0.502236008644104 0.9218156337738037 0.14478501677513123
0.5437085628509521 0.12691794335842133 -0.5686513781547546
0.6168421506881714 0.24181273579597473 -0.24444711208343506
0.4816886782646179 0.2331184446811676 -0.23362886905670166
0.6886584162712097 0.3448820412158966 -0.16788464784622192
0.4031313955783844 0.31216323375701904 -0.1756426990032196
0.7787359952926636 0.41045379638671875 -0.3344687521457672
0.3089812397956848 0.3390812873840332 -0.32544249296188354
0.5817601680755615 0.5018857717514038 -0.0021110507659614086
0.5018582344055176 0.4997810125350952 0.0021868485491722822
0.5800323486328125 0.7254382371902466 -0.01170637272298336
0.5024130940437317 0.7323331236839294 -0.005164978094398975
0.5831891298294067 0.9211716055870056 0.14618338644504547
0.5022504329681396 0.9218118190765381 0.14378800988197327
0.5436676740646362 0.12695446610450745 -0.5611969232559204
0.6169906854629517 0.24177969992160797 -0.23756833374500275
0.4816597104072571 0.23286882042884827 -0.22565343976020813
0.6867986917495728 0.347601979970932 -0.1586182862520218
0.4034274220466614 0.3129228949546814 -0.16033127903938293
0.7743233442306519 0.414865106344223 -0.3194252848625183
0.30994856357574463 0.34170961380004883 -0.30940625071525574
0.5817536115646362 0.5019553303718567 -0.002602171618491411
0.5019391179084778 0.49983540177345276 0.0026740313041955233
0.580475926399231 0.7254646420478821 -0.012856202200055122
0.5026432871818542 0.7323454022407532 -0.004220208153128624
0.5832577347755432 0.9211670756340027 0.1436420977115631
0.5022844076156616 0.9218114018440247 0.141275554895401
0.5436632633209229 0.12639379501342773 -0.5590055584907532
0.6170717477798462 0.24177862703800201 -0.23779526352882385
0.4816206991672516 0.23241016268730164 -0.22426418960094452
0.6848169565200806 0.3486408293247223 -0.163500115275383
0.40416255593299866 0.3142890930175781 -0.15215489268302917
0.7726277709007263 0.4173259735107422 -0.32299384474754333
0.31149110198020935 0.3445897698402405 -0.2948152720928192
0.5820183753967285 0.5015199780464172 -0.0029573184438049793
0.5023019313812256 0.49983131885528564 0.003030616557225585
0.580920934677124 0.7256014347076416 -0.01611756905913353
0.502776563167572 0.7323741912841797 -0.004447245039045811
0.5833321213722229 0.9211350679397583 0.140343576669693
0.5022269487380981 0.9218639731407166 0.1386098861694336
0.5435439944267273 0.12661738693714142 -0.5587596893310547
0.6171234250068665 0.24180909991264343 -0.2398674041032791
0.481572687625885 0.23241381347179413 -0.2211420089006424
0.6835922002792358 0.3489921987056732 -0.1664239466190338
0.4047136902809143 0.3168238401412964 -0.14808282256126404
0.7712269425392151 0.41830095648765564 -0.32537513971328735
0.3121997117996216 0.34719836711883545 -0.2909344434738159
0.5820505619049072 0.501557469367981 -0.006761112250387669
0.5023566484451294 0.4998666048049927 0.006814164109528065
0.5810232758522034 0.7257435321807861 -0.023238619789481163
0.5027923583984375 0.7325530648231506 -0.0015771326143294573
0.5835526585578918 0.9217004179954529 0.13069139420986176
0.5025277733802795 0.9218534827232361 0.14097082614898682
0.5423082113265991 0.12811532616615295 -0.5770168900489807
0.6171420812606812 0.2418617606163025 -0.26745039224624634
0.4811614155769348 0.23257571458816528 -0.22962422668933868
0.6839339137077332 0.349140465259552 -0.19586531817913055
0.4042380452156067 0.31762614846229553 -0.14905297756195068
0.7723705172538757 0.41572123765945435 -0.3481319844722748
0.3116532266139984 0.34603577852249146 -0.2945452034473419
0.5820809602737427 0.5010688304901123 -0.011809886433184147
0.5023597478866577 0.4997048079967499 0.011864949017763138
0.5809194445610046 0.7259092926979065 -0.02973664365708828
0.5028349161148071 0.7325640916824341 0.003713941667228937
0.5835697054862976 0.9216955900192261 0.12541885673999786
0.5025511384010315 0.921872079372406 0.14141465723514557
0.5421208143234253 0.12843340635299683 -0.587807297706604
0.617163896560669 0.24185602366924286 -0.2720479667186737
0.4809027314186096 0.23257072269916534 -0.23474247753620148
0.6843626499176025 0.34804007411003113 -0.2009490430355072
0.4045027196407318 0.3174188435077667 -0.14996559917926788
0.7734888195991516 0.4122657775878906 -0.3582315742969513
0.3119643032550812 0.34352609515190125 -0.2962649166584015
0.5820823311805725 0.500709056854248 -0.012970054522156715
0.5023605227470398 0.49948421120643616 0.013026381842792034
0.5805726051330566 0.7257866263389587 -0.029172604903578758
0.5028289556503296 0.7322593927383423 0.0056541250087320805
0.5833871364593506 0.9210365414619446 0.12883202731609344
0.5025885701179504 0.9218800663948059 0.14566853642463684
0.5419633984565735 0.1286516934633255 -0.5879091024398804
0.6171730756759644 0.24185557663440704 -0.2709219753742218
0.48075276613235474 0.23255252838134766 -0.23583225905895233
0.6845470070838928 0.3474664092063904 -0.2003772258758545
0.4047209620475769 0.3172994554042816 -0.1511879712343216
0.7737846374511719 0.41108572483062744 -0.35888761281967163
0.3121139705181122 0.34272852540016174 -0.29751870036125183
0.5820828676223755 0.5003744959831238 -0.01339962799102068
0.5023620128631592 0.49925416707992554 0.013457223773002625
0.5803248882293701 0.7256609797477722 -0.029363522306084633
0.5028301477432251 0.7320154309272766 0.005873863119632006
0.583264946937561 0.9205614328384399 0.12954440712928772
0.5026160478591919 0.921906590461731 0.1460987627506256
0.5415922999382019 0.1286962330341339 -0.5942639112472534
0.6170841455459595 0.2415083944797516 -0.27812227606773376
0.48081955313682556 0.23213419318199158 -0.238547682762146
0.6848055124282837 0.3466052711009979 -0.20645329356193542
0.4047374725341797 0.3166320025920868 -0.15312346816062927
0.7738580107688904 0.4079853594303131 -0.3635299503803253
0.31189313530921936 0.34115102887153625 -0.29928386211395264
0.5820911526679993 0.4978817105293274 -0.013394142501056194
0.5024574398994446 0.4970243573188782 0.013448400422930717
0.5803709626197815 0.7250773906707764 -0.03216060996055603
0.502729058265686 0.7316592335700989 0.004296809900552034
0.5832844972610474 0.9201383590698242 0.12507039308547974
0.5026646256446838 0.9212177395820618 0.1443658024072647
0.5414926409721375 0.128640279173851 -0.5827627182006836
0.617135763168335 0.24123534560203552 -0.2636783719062805
0.481052964925766 0.23139242827892303 -0.23405396938323975
0.6849492788314819 0.34647905826568604 -0.18872641026973724
0.4046386182308197 0.31613677740097046 -0.15400823950767517
0.7744940519332886 0.4058612883090973 -0.3443024158477783
0.3115687072277069 0.3401506245136261 -0.29983973503112793
0.5820183753967285 0.4979764521121979 -0.012619005516171455
0.5024340748786926 0.4969917833805084 0.012683926150202751
0.5803676843643188 0.7249826788902283 -0.03163077309727669
0.5027356743812561 0.7311558127403259 0.0026786813978105783
0.5832858085632324 0.9200400114059448 0.12678517401218414
0.5027333498001099 0.9211876392364502 0.14345067739486694
0.5414414405822754 0.12879380583763123 -0.5821477770805359
0.6171449422836304 0.24112476408481598 -0.26477140188217163
0.48107314109802246 0.2310871034860611 -0.23414643108844757
0.6854100823402405 0.34623339772224426 -0.1902463436126709
0.40454044938087463 0.31577637791633606 -0.15569156408309937
0.7747249603271484 0.4045344889163971 -0.34505563974380493
0.31136804819107056 0.3392815589904785 -0.3010638356208801
0.5819944143295288 0.4976285994052887 -0.012623615562915802
0.5024369955062866 0.4966532588005066 0.01268749963492155
0.5803756713867188 0.7245916128158569 -0.030513573437929153
0.5028480291366577 0.7311118841171265 0.00269335531629622
0.5833976864814758 0.9195749163627625 0.1276245415210724
0.5027367472648621 0.9210014939308167 0.14363425970077515
0.5413437485694885 0.1288066953420639 -0.5866600275039673
0.6172258853912354 0.241069957613945 -0.27402251958847046
0.4812013506889343 0.2308715283870697 -0.23456747829914093
0.6858083009719849 0.3461131751537323 -0.2025456726551056
0.40453529357910156 0.3156207799911499 -0.15605658292770386
0.7750765085220337 0.4036019444465637 -0.35641661286354065
0.3112313151359558 0.33871349692344666 -0.29906120896339417
0.5818500518798828 0.49725228548049927 -0.014010010287165642
0.502380907535553 0.4959283769130707 0.014067788608372211
0.5802692174911499 0.7245789170265198 -0.03584083914756775
0.5027930736541748 0.7310804724693298 0.003086196957156062
0.5834177732467651 0.9195334315299988 0.11961617320775986
0.502933144569397 0.921023964881897 0.14314061403274536
0.5413036346435547 0.12882938981056213 -0.5848623514175415
0.6171196699142456 0.2405889630317688 -0.27316346764564514
0.48121100664138794 0.23068341612815857 -0.23406818509101868
0.6859228014945984 0.3447135388851166 -0.19569018483161926
0.4043711721897125 0.31544971466064453 -0.15741920471191406
0.7754307985305786 0.4022221267223358 -0.3500722646713257
0.311144083738327 0.33836525678634644 -0.3004980683326721
0.5818636417388916 0.4968208968639374 -0.01406949758529663
0.5024139285087585 0.4955233335494995 0.01413256861269474
0.5802770853042603 0.7245758175849915 -0.03808410093188286
0.5029119849205017 0.7310720682144165 0.0015968993538990617
0.5835870504379272 0.919571042060852 0.11368586868047714
0.5030615925788879 0.921004056930542 0.13766588270664215
0.5413011312484741 0.12881208956241608 -0.6107426881790161
0.6170898675918579 0.24005049467086792 -0.2874070405960083
0.4810972809791565 0.23051206767559052 -0.24676759541034698
0.6857816576957703 0.34370478987693787 -0.21716845035552979
0.40430688858032227 0.31534960865974426 -0.168784961104393
0.7754718065261841 0.4004027247428894 -0.38390234112739563
0.31101512908935547 0.33805689215660095 -0.31258323788642883
0.5817638039588928 0.4954480826854706 -0.014077270403504372
0.502299427986145 0.49423152208328247 0.014137990772724152
0.5800584554672241 0.723791778087616 -0.04109824821352959
0.5028181672096252 0.730280339717865 0.0014015363994985819
0.5835832357406616 0.919515073299408 0.11277751624584198
0.5032438039779663 0.9205372333526611 0.13786198198795319
0.5412766933441162 0.12877020239830017 -0.5712133646011353
0.6170188188552856 0.23999418318271637 -0.25629720091819763
0.48109784722328186 0.2300182431936264 -0.21649447083473206
0.6858529448509216 0.3434252440929413 -0.18413116037845612
0.4042584002017975 0.3152223527431488 -0.14369669556617737
0.775645911693573 0.39892739057540894 -0.34739261865615845
0.31090182065963745 0.33796173334121704 -0.29417771100997925
0.5817068815231323 0.4956650137901306 -0.01601525768637657
0.5022949576377869 0.49445676803588867 0.01608172431588173
0.579666018486023 0.7243410348892212 -0.04390149563550949
0.5026735067367554 0.7308648228645325 0.002956428797915578
0.5835685729980469 0.9195228815078735 0.10639375448226929
0.5032521486282349 0.921176552772522 0.1385914832353592
0.5412260293960571 0.1288807988166809 -0.5793787837028503
0.6168161630630493 0.23999391496181488 -0.26100605726242065
0.4809994697570801 0.230062797665596 -0.21918170154094696
0.6858558058738708 0.34292522072792053 -0.1866656243801117
0.4044196605682373 0.3151227831840515 -0.14411692321300507
0.7757809162139893 0.3982090651988983 -0.35118111968040466
0.31100696325302124 0.33795326948165894 -0.2927347421646118
0.5817029476165771 0.4953362047672272 -0.016563517972826958
0.5022932291030884 0.4944297969341278 0.016626210883259773
0.579426646232605 0.7241490483283997 -0.04553164169192314
0.5026926398277283 0.730866014957428 0.002959867473691702
0.5835930705070496 0.9194392561912537 0.10536261647939682
0.5034418106079102 0.9211176633834839 0.1390865296125412
0.5412236452102661 0.12883029878139496 -0.5607503056526184
0.6165550351142883 0.24000531435012817 -0.24620315432548523
0.4808272421360016 0.23061007261276245 -0.21084778010845184
0.6856092214584351 0.3424660265445709 -0.1771695762872696
0.40450310707092285 0.3151536285877228 -0.1367897093296051
0.7748246788978577 0.3960094153881073 -0.34667643904685974
0.3113546669483185 0.3382091224193573 -0.28333497047424316
0.5816637277603149 0.4957483112812042 -0.016289670020341873
0.5022937059402466 0.49477118253707886 0.016363533213734627
0.5794510841369629 0.7242059111595154 -0.043963976204395294
0.5027588605880737 0.7311308979988098 0.0006970350514166057
0.5835691690444946 0.9194377660751343 0.10615084320306778
0.503533661365509 0.9210277199745178 0.13471834361553192
0.5411446690559387 0.12895993888378143 -0.5608583092689514
0.6163346171379089 0.24001359939575195 -0.24466657638549805
0.4806334376335144 0.23086538910865784 -0.21405074000358582
0.6855490803718567 0.3418663740158081 -0.17492204904556274
0.4045051634311676 0.31524693965911865 -0.13932877779006958
0.7742791771888733 0.39441412687301636 -0.3418782651424408
0.3114584982395172 0.3386390507221222 -0.28668397665023804
0.5816473960876465 0.4957413375377655 -0.014599673449993134
0.5022946000099182 0.49476367235183716 0.014689539559185505
0.579318642616272 0.7241247892379761 -0.04298323392868042
0.502721905708313 0.7311309576034546 -0.0037400699220597744
0.5835113525390625 0.9194360971450806 0.107610784471035
0.5035402774810791 0.9210284352302551 0.1275164633989334
0.5410193204879761 0.1287991851568222 -0.5619608163833618
0.616387128829956 0.23998552560806274 -0.2462068498134613
0.4806327819824219 0.23084445297718048 -0.2153453528881073
0.6855371594429016 0.34123510122299194 -0.17689374089241028
0.40452513098716736 0.314915269613266 -0.14189456403255463
0.774364709854126 0.3940165936946869 -0.3419041037559509
0.31156155467033386 0.3385408818721771 -0.2885105013847351
0.581474781036377 0.4957658052444458 -0.014389341697096825
0.5021642446517944 0.4947492778301239 0.01447673887014389
0.5792360305786133 0.7239435315132141 -0.041014570742845535
0.5027107000350952 0.7309464812278748 -0.0033466233871877193
0.5836150646209717 0.9192609786987305 0.10785067081451416
0.5035719275474548 0.9204301238059998 0.1295207142829895
0.540896475315094 0.12862181663513184 -0.5495279431343079
0.6163623929023743 0.23905211687088013 -0.23611190915107727
0.4806319773197174 0.23017729818820953 -0.2063499242067337
0.6853615641593933 0.34056326746940613 -0.16558590531349182
0.4045169949531555 0.3145389258861542 -0.13472087681293488
0.7744204998016357 0.3933020830154419 -0.33064454793930054
0.31155091524124146 0.33846786618232727 -0.2836320996284485
0.5813966989517212 0.4955672025680542 -0.0143900066614151
0.5021625757217407 0.4946924149990082 0.014476885087788105
0.5790784358978271 0.7235206961631775 -0.040547244250774384
0.502712607383728 0.7302963733673096 -0.003668668447062373
0.5836917757987976 0.9188172221183777 0.10775204002857208
0.5035753846168518 0.9204699397087097 0.12741446495056152
0.5408214330673218 0.12846890091896057 -0.5495568513870239
0.6163322329521179 0.2385455071926117 -0.235610693693161
0.4806312024593353 0.22978219389915466 -0.2055862694978714
0.6852133274078369 0.34008345007896423 -0.16503891348838806
0.40450724959373474 0.3142014741897583 -0.1332467496395111
0.77446448802948 0.3928077816963196 -0.33041518926620483
0.31152597069740295 0.3384256064891815 -0.2816767990589142
0.5813035368919373 0.49534690380096436 -0.014375021681189537
0.5021540522575378 0.4945758879184723 0.014462237246334553
0.5789028406143188 0.7231888175010681 -0.0402384027838707
0.5027159452438354 0.7297468185424805 -0.004590468015521765
0.5837224721908569 0.91844642162323 0.10804153978824615
0.5035532116889954 0.9205179214477539 0.12613558769226074
0.5408178567886353 0.12838071584701538 -0.5518850088119507
0.6163604259490967 0.23854725062847137 -0.23758573830127716
0.4806305468082428 0.2298082858324051 -0.2060222625732422
0.6852286458015442 0.3400609791278839 -0.16786488890647888
0.4044974744319916 0.314186692237854 -0.1305776983499527
0.7744947075843811 0.3926953077316284 -0.3421885371208191
0.31151682138442993 0.3383917212486267 -0.2769932150840759
0.5813044309616089 0.4962429106235504 -0.014720847830176353
0.5021654367446899 0.49518534541130066 0.0148062314838171
0.5789010524749756 0.7235941290855408 -0.04138344153761864
0.5026766061782837 0.7301562428474426 -0.003147019539028406
0.5836706161499023 0.9190537929534912 0.10795873403549194
0.5030924081802368 0.921098530292511 0.13108229637145996
0.5408194661140442 0.12833072245121002 -0.5479428768157959
0.6163963675498962 0.2386290580034256 -0.23604905605316162
0.4806939661502838 0.22981028258800507 -0.20263977348804474
0.6852837204933167 0.33993011713027954 -0.1663411259651184
0.40456637740135193 0.31417030096054077 -0.128919780254364
0.7745380997657776 0.3924059271812439 -0.3322571814060211
0.3115023672580719 0.3383409380912781 -0.27495428919792175
0.5812415480613708 0.4963605999946594 -0.015274247154593468
0.5021697282791138 0.4952881634235382 0.015360122546553612
0.5788171887397766 0.7235358357429504 -0.0424378365278244
0.5026436448097229 0.7308499217033386 -0.0020747650414705276
0.5836717486381531 0.9190417528152466 0.10568231344223022
0.5030984878540039 0.9215224385261536 0.1305038183927536
0.5408195853233337 0.12832671403884888 -0.5505320429801941
0.6163941621780396 0.2386588752269745 -0.2349533587694168
0.4806937277317047 0.2298119068145752 -0.20444142818450928
0.6854146718978882 0.33986327052116394 -0.16388779878616333
0.40456920862197876 0.31415608525276184 -0.130537748336792
0.7746533751487732 0.3923783302307129 -0.3288089334964752
0.31150010228157043 0.33830130100250244 -0.27524763345718384
0.5812369585037231 0.4965156614780426 -0.013684296980500221
0.5021699666976929 0.4954926371574402 0.013767880387604237
0.5788205862045288 0.7234632968902588 -0.040767502039670944
0.5026556253433228 0.7309206128120422 -0.005581073462963104
0.5833374261856079 0.9190126061439514 0.10722683370113373
0.5030829310417175 0.9216116070747375 0.1271715611219406