-0.0017686693463474512 -0.6253383755683899 -0.32786139845848083
0.17428478598594666 -0.4572128355503082 -0.13879172503948212
-0.1620149463415146 -0.4753846526145935 -0.13147568702697754
0.21078859269618988 -0.22102488577365875 -0.0947798416018486
-0.21433739364147186 -0.21852648258209229 -0.064283087849617
0.2699708640575409 -0.0019972575828433037 -0.1727658361196518
-0.2596011459827423 0.017649222165346146 -0.13606297969818115
0.11662043631076813 0.008042481727898121 -0.01078749354928732
-0.11700591444969177 -0.008733974769711494 0.012041028589010239
0.09006866067647934 0.41222578287124634 -0.019287867471575737
-0.09648578613996506 0.4122315049171448 0.04898733273148537
0.15172375738620758 0.756881058216095 0.1391395777463913
-0.060186609625816345 0.7346994280815125 0.2498413473367691
-0.005543245933949947 -0.6254334449768066 -0.32715800404548645
0.17303302884101868 -0.4572194814682007 -0.13859409093856812
-0.16343608498573303 -0.475396990776062 -0.13111436367034912
0.2105751782655716 -0.22104866802692413 -0.0941220298409462
-0.21555356681346893 -0.21851009130477905 -0.06367302685976028
0.26983579993247986 -0.0020357186440378428 -0.17186489701271057
-0.2596088945865631 0.017574377357959747 -0.13543440401554108
0.11663907021284103 0.00803012028336525 -0.010759239085018635
-0.1170264482498169 -0.008721201680600643 0.012012235820293427
0.09004011005163193 0.41223153471946716 -0.01840457320213318
-0.0967843160033226 0.41165396571159363 0.04790335148572922
0.15126961469650269 0.7566475868225098 0.14388954639434814
-0.060537565499544144 0.73468017578125 0.24637150764465332
-0.006148904096335173 -0.625511646270752 -0.326312392950058
0.17278537154197693 -0.45726972818374634 -0.13792003691196442
-0.16358400881290436 -0.4754106104373932 -0.13095399737358093
0.2105897068977356 -0.22113260626792908 -0.09236080944538116
-0.21583208441734314 -0.21870212256908417 -0.06345603615045547
0.27028688788414 -0.002279142150655389 -0.16838432848453522
-0.2592182159423828 0.017508570104837418 -0.13511863350868225
0.11664173007011414 0.008014007471501827 -0.010550281964242458
-0.11703060567378998 -0.00870497990399599 0.011799592524766922
0.09071338176727295 0.41226693987846375 -0.016429580748081207
-0.09654119610786438 0.41051435470581055 0.04656393453478813
0.1513393521308899 0.7568435072898865 0.14468561112880707
-0.061006832867860794 0.7353433966636658 0.23775635659694672
-0.008139407262206078 -0.6255297064781189 -0.32575955986976624
0.1724977344274521 -0.45730146765708923 -0.13783568143844604
-0.16371077299118042 -0.475579172372818 -0.1300477236509323
0.21044288575649261 -0.2211897075176239 -0.0923321396112442
-0.21587227284908295 -0.21912844479084015 -0.06265488266944885
0.2701813578605652 -0.0023138667456805706 -0.16837716102600098
-0.259190171957016 0.016944391652941704 -0.1347275674343109
0.11664699763059616 0.0080078961327672 -0.010547304525971413
-0.11703716963529587 -0.008698522113263607 0.01179590355604887
0.09081603586673737 0.4122607111930847 -0.0163661427795887
-0.0961153581738472 0.4105576276779175 0.046107202768325806
0.15158522129058838 0.757027268409729 0.14437605440616608
-0.06091567128896713 0.7353454232215881 0.23837098479270935
-0.00844731368124485 -0.6258245706558228 -0.32379764318466187
0.1725163608789444 -0.45770373940467834 -0.1370287835597992
-0.16377779841423035 -0.475948303937912 -0.12878099083900452
0.21067313849925995 -0.22169946134090424 -0.0916091725230217
-0.21615439653396606 -0.21953512728214264 -0.061460334807634354
0.27017736434936523 -0.0030264086090028286 -0.1680208444595337
-0.25896844267845154 0.016832813620567322 -0.13349303603172302
0.11666188389062881 0.00799894705414772 -0.010554901324212551
-0.11705499142408371 -0.008688842877745628 0.011801046319305897
0.09083469212055206 0.412186861038208 -0.016260726377367973
-0.09610120207071304 0.4103451669216156 0.046165917068719864
0.15232224762439728 0.7566025853157043 0.14385312795639038
-0.06073568016290665 0.7349535226821899 0.23934879899024963
-0.008438809774816036 -0.6267823576927185 -0.3222452700138092
0.17251741886138916 -0.4578392803668976 -0.13525620102882385
-0.16387785971164703 -0.4763658046722412 -0.12816759943962097
0.2106955200433731 -0.2217593640089035 -0.08959527313709259
-0.2162967026233673 -0.21992306411266327 -0.061364542692899704
0.2701801359653473 -0.003317182417958975 -0.16644136607646942
-0.2578261196613312 0.016409916803240776 -0.13333407044410706
0.11666877567768097 0.007987822405993938 -0.010473798960447311
-0.11706279218196869 -0.008676891215145588 0.011713768355548382
0.09122675657272339 0.4120652973651886 -0.014222296886146069
-0.09480259567499161 0.4101337492465973 0.04618768393993378
0.1525878608226776 0.7563260197639465 0.1472615897655487
-0.05952802300453186 0.7345464825630188 0.24037326872348785
-0.00828664842993021 -0.6261482834815979 -0.3225897550582886
0.17244458198547363 -0.4578571319580078 -0.1352166086435318
-0.16410185396671295 -0.4764513671398163 -0.1281949132680893
0.2108096480369568 -0.22186267375946045 -0.08972986787557602
-0.21632570028305054 -0.22010007500648499 -0.06147802621126175
0.27024149894714355 -0.003345042234286666 -0.1670735776424408
-0.2572522759437561 0.016444820910692215 -0.13336019217967987
0.11667534708976746 0.007976747117936611 -0.010418858379125595
-0.11707012355327606 -0.008665824308991432 0.011658151634037495
0.09174440801143646 0.4119344651699066 -0.016525061801075935
-0.09472411125898361 0.4100989103317261 0.046503301709890366
0.15299180150032043 0.7564103007316589 0.13724443316459656
-0.059183500707149506 0.7344800233840942 0.24314351379871368
-0.008291471749544144 -0.6267439723014832 -0.3207607567310333
0.17255137860774994 -0.458163321018219 -0.13396213948726654
-0.16402560472488403 -0.476529061794281 -0.12578830122947693
0.21084892749786377 -0.2221231758594513 -0.08934028446674347
-0.21603859961032867 -0.21991465985774994 -0.059248194098472595
0.27004367113113403 -0.0036394288763403893 -0.16718260943889618
-0.25708720088005066 0.016449598595499992 -0.1324024200439453
0.11669135838747025 0.007971205748617649 -0.010455922223627567
-0.11708760261535645 -0.008659704588353634 0.011693057604134083
0.09174482524394989 0.41170746088027954 -0.01654377020895481
-0.09471044689416885 0.4101276993751526 0.046512193977832794
0.15303072333335876 0.7544217109680176 0.1408950686454773
-0.05906689167022705 0.7330248355865479 0.24763073027133942
-0.008408907800912857 -0.6267529726028442 -0.3205546438694
0.1724877655506134 -0.4581814706325531 -0.13391946256160736
-0.16414351761341095 -0.4765497148036957 -0.12518101930618286
0.21076510846614838 -0.22216260433197021 -0.0893096923828125
-0.21648484468460083 -0.2199234813451767 -0.05776970461010933
0.27003341913223267 -0.003970065154135227 -0.16761529445648193
-0.25708988308906555 0.016492538154125214 -0.13076899945735931
0.11670692265033722 0.007934455759823322 -0.010577576234936714
-0.11710532009601593 -0.008623695932328701 0.011816124431788921
0.09171673655509949 0.41168928146362305 -0.01692241057753563
-0.09460785239934921 0.4101402461528778 0.047000687569379807
0.153042733669281 0.7533720135688782 0.14251790940761566
-0.05853154882788658 0.7331437468528748 0.24937547743320465
-0.009054972790181637 -0.6268425583839417 -0.32067376375198364
0.17182569205760956 -0.4581548869609833 -0.13395412266254425
-0.1645653247833252 -0.47599294781684875 -0.12518484890460968
0.21053873002529144 -0.22205716371536255 -0.08944420516490936
-0.21650995314121246 -0.21893055737018585 -0.057783953845500946
0.2698359191417694 -0.0038768057711422443 -0.16758441925048828
-0.2574120759963989 0.016651198267936707 -0.13072459399700165
0.11671298742294312 0.007926976308226585 -0.010485265403985977
-0.1171119436621666 -0.008615509606897831 0.01172466017305851
0.09183906018733978 0.4117124080657959 -0.016934992745518684
-0.09498419612646103 0.4101032018661499 0.04634165018796921
0.1529894471168518 0.7546958327293396 0.13988636434078217
-0.058792173862457275 0.7331739664077759 0.24662140011787415
-0.009182501584291458 -0.626703679561615 -0.32204362750053406
0.1715782731771469 -0.4573354423046112 -0.13576236367225647
-0.16471892595291138 -0.4758218824863434 -0.1259906142950058
0.20957651734352112 -0.22069787979125977 -0.09239757061004639
-0.21671251952648163 -0.21887166798114777 -0.058537278324365616
0.26936739683151245 -0.0032608627807348967 -0.17078638076782227
-0.2573736608028412 0.016689034178853035 -0.13114029169082642
0.11671969294548035 0.007922545075416565 -0.010582211427390575
-0.11711939424276352 -0.008610744029283524 0.01182112842798233
0.09181758761405945 0.4116320312023163 -0.016808003187179565
-0.09494037181138992 0.4102310836315155 0.04771282896399498
0.15322251617908478 0.7549898028373718 0.13773450255393982
-0.0585617870092392 0.7334707379341125 0.2476397156715393
-0.009098210372030735 -0.6265302300453186 -0.3220539391040802
0.17159511148929596 -0.45740118622779846 -0.13543595373630524
-0.16481034457683563 -0.4758720099925995 -0.12596262991428375
0.20965123176574707 -0.22093524038791656 -0.091456837952137
-0.2170865386724472 -0.21917907893657684 -0.058257270604372025
0.2693774402141571 -0.0033366249408572912 -0.17019888758659363
-0.25755253434181213 0.01667884737253189 -0.130416139960289
0.11676051467657089 0.007885838858783245 -0.01038373913615942
-0.11716149002313614 -0.008573868311941624 0.011623595841228962
0.09211337566375732 0.41159436106681824 -0.017800265923142433
-0.0950697585940361 0.41022759675979614 0.04392414540052414
0.1526973694562912 0.7539625763893127 0.13846617937088013
-0.058701373636722565 0.7323187589645386 0.24711492657661438
-0.009033465757966042 -0.6258813738822937 -0.3238792419433594
0.1712726205587387 -0.45724204182624817 -0.1362255960702896
-0.1651209443807602 -0.47576904296875 -0.12808488309383392
0.20932146906852722 -0.22093962132930756 -0.09160944819450378
-0.21792161464691162 -0.21914727985858917 -0.060638368129730225
0.2689482867717743 -0.003318971721455455 -0.1701890528202057
-0.2575491666793823 0.01712513342499733 -0.13187097012996674
0.11677186191082001 0.00787462666630745 -0.0102242948487401
-0.11717309802770615 -0.008562530390918255 0.011465998366475105
0.09215757250785828 0.41149598360061646 -0.0177898108959198
-0.09561096876859665 0.4101532995700836 0.043889936059713364
0.15226516127586365 0.7538763880729675 0.13870152831077576
-0.05883576348423958 0.731752336025238 0.24713477492332458
-0.008931446820497513 -0.6254355311393738 -0.32487672567367554
0.17110814154148102 -0.4571862518787384 -0.13663630187511444
-0.1652754247188568 -0.4757308065891266 -0.12926772236824036
0.2091558873653412 -0.2209661602973938 -0.09165807068347931
-0.21832531690597534 -0.21914073824882507 -0.061990439891815186
0.26864463090896606 -0.0033313154708594084 -0.17015260457992554
-0.25754469633102417 0.017443064600229263 -0.13272464275360107
0.11678218841552734 0.00786456186324358 -0.01007017120718956
-0.11718371510505676 -0.008552306331694126 0.011313564144074917
0.09219204634428024 0.4114217758178711 -0.017788594588637352
-0.09608937799930573 0.4101005494594574 0.04367942735552788
0.1518109291791916 0.7537925839424133 0.1389765739440918
-0.05899506434798241 0.7313388586044312 0.2470647394657135
-0.007786221336573362 -0.625976026058197 -0.3238554000854492
0.17141690850257874 -0.45779186487197876 -0.1350935399532318
-0.16503873467445374 -0.47597405314445496 -0.12895101308822632
0.20927608013153076 -0.2214793711900711 -0.09011813253164291
-0.217159241437912 -0.21912501752376556 -0.061930350959300995
0.26862213015556335 -0.00376298651099205 -0.1686823070049286
-0.2564741373062134 0.01747858338057995 -0.13284578919410706
0.11678776144981384 0.007856495678424835 -0.01001752633601427
-0.11718994379043579 -0.00854343082755804 0.011257894337177277
0.09230832755565643 0.41145434975624084 -0.0173640176653862
-0.09481894224882126 0.410086065530777 0.04370807483792305
0.1519034057855606 0.7541787028312683 0.13910885155200958
-0.05843142792582512 0.7315748929977417 0.24701781570911407
-0.007670289371162653 -0.6259644031524658 -0.3239852786064148
0.17140547931194305 -0.4578357934951782 -0.1350797861814499
-0.16512413322925568 -0.47588369250297546 -0.12914396822452545
0.2092866599559784 -0.22164137661457062 -0.0900580957531929
-0.21704593300819397 -0.21876291930675507 -0.062269192188978195
0.26860830187797546 -0.003910496830940247 -0.16857802867889404
-0.2565099000930786 0.017950190231204033 -0.133235901594162
0.11679371446371078 0.007843430154025555 -0.009882855229079723
-0.11719677597284317 -0.008530648425221443 0.011121200397610664
0.09278830885887146 0.41144466400146484 -0.017298126593232155
-0.09482391923666 0.4092191457748413 0.04373710975050926
0.15192176401615143 0.7545447945594788 0.13815554976463318
-0.05847368761897087 0.7318989038467407 0.24289290606975555
-0.0068908557295799255 -0.6260069012641907 -0.32400164008140564
0.1714697778224945 -0.45787423849105835 -0.13509570062160492
-0.16509012877941132 -0.4755862355232239 -0.12925663590431213
0.2093641310930252 -0.22189706563949585 -0.09017433226108551
-0.21706511080265045 -0.21857179701328278 -0.06268547475337982
0.2686580419540405 -0.004163352306932211 -0.16858181357383728
-0.25656431913375854 0.018212247639894485 -0.1334923505783081
0.11679743975400925 0.007823249325156212 -0.00985596515238285
-0.11720086634159088 -0.008510172367095947 0.011095913127064705
0.09259767830371857 0.41162869334220886 -0.017229044809937477
-0.09492378681898117 0.40922802686691284 0.04374934360384941
0.151764914393425 0.7557452917098999 0.137427419424057
-0.058272622525691986 0.7326650619506836 0.24156510829925537
-0.006892941426485777 -0.6259967684745789 -0.3239922821521759
0.17135211825370789 -0.4580153822898865 -0.13508395850658417
-0.16523827612400055 -0.47559332847595215 -0.12903112173080444
0.2092275470495224 -0.22218652069568634 -0.09018412977457047
-0.21703886985778809 -0.21840238571166992 -0.062074754387140274
0.268296480178833 -0.004473807755857706 -0.16895756125450134
-0.2567034363746643 0.018251748755574226 -0.1331084817647934
0.11681104451417923 0.007791712414473295 -0.009899113327264786
-0.11721540242433548 -0.00847872905433178 0.011138449423015118
0.0925142765045166 0.411624550819397 -0.017230411991477013
-0.09505128115415573 0.409213662147522 0.043828755617141724
0.15176719427108765 0.7555345296859741 0.13794086873531342
-0.05842061713337898 0.7327321171760559 0.2416222244501114
-0.006838986650109291 -0.6266832947731018 -0.32248950004577637
0.17141976952552795 -0.4583016335964203 -0.1334623396396637
-0.16516946256160736 -0.47571292519569397 -0.1272895187139511
0.20970596373081207 -0.22289161384105682 -0.08873417228460312
-0.2169121354818344 -0.21855193376541138 -0.05992727354168892
0.26839137077331543 -0.005228948779404163 -0.16816043853759766
-0.25671955943107605 0.016772523522377014 -0.131494402885437
0.11684129387140274 0.007773836608976126 -0.009788758121430874
-0.11724451184272766 -0.008460398763418198 0.011031116358935833
0.09250621497631073 0.41166290640830994 -0.017182718962430954
-0.09535019099712372 0.4092099070549011 0.04327438771724701
0.15144070982933044 0.7549864649772644 0.14173099398612976
-0.05841698497533798 0.7321926951408386 0.2419765442609787
-0.00685760797932744 -0.6268203258514404 -0.32208335399627686
0.1716669201850891 -0.4584280848503113 -0.13333018124103546
-0.16492031514644623 -0.47608500719070435 -0.12703198194503784
0.20993028581142426 -0.22304970026016235 -0.08864474296569824
-0.21671120822429657 -0.21910786628723145 -0.05987727269530296
0.26862040162086487 -0.005316559225320816 -0.16775871813297272
-0.25686657428741455 0.01595708541572094 -0.13150164484977722
0.11683458089828491 0.0078056552447378635 -0.009789923205971718
-0.11724011600017548 -0.0084911547601223 0.01103014312684536
0.09262391924858093 0.41165685653686523 -0.01712903194129467
-0.09535486251115799 0.4091808795928955 0.04491369426250458
0.15141242742538452 0.7552663683891296 0.1406458616256714
-0.058715853840112686 0.7324703335762024 0.24371656775474548
-0.005922670941799879 -0.6278111338615417 -0.3200804591178894
0.1720966398715973 -0.4591096043586731 -0.13125568628311157
-0.16467241942882538 -0.4766635000705719 -0.12508393824100494
0.21021537482738495 -0.22382895648479462 -0.08622980862855911
-0.21637892723083496 -0.21961721777915955 -0.058040373027324677
0.2686638832092285 -0.005581818521022797 -0.16589590907096863
-0.25656571984291077 0.01510853786021471 -0.13040558993816376
0.11685966700315475 0.007795056328177452 -0.009787091054022312
-0.1172659620642662 -0.008479993790388107 0.011026985011994839
0.09265069663524628 0.41164538264274597 -0.017427753657102585
-0.09543810039758682 0.40922418236732483 0.04491417482495308
0.15155114233493805 0.7542728781700134 0.14101223647594452
-0.059375256299972534 0.7322830557823181 0.24580588936805725
-0.005905167665332556 -0.6276605129241943 -0.32142260670661926
0.1723749190568924 -0.45854395627975464 -0.1322750747203827
-0.16443462669849396 -0.4761100113391876 -0.12635982036590576
0.21013540029525757 -0.22246053814888 -0.08722850680351257
-0.21632476150989532 -0.21923094987869263 -0.05964478850364685
0.2687239646911621 -0.004087436944246292 -0.16606241464614868
-0.2565675675868988 0.015309532172977924 -0.1315699964761734
0.11686420440673828 0.007806934881955385 -0.009593402966856956
-0.1172710582613945 -0.008491388522088528 0.01083193626254797
0.0927145853638649 0.41164112091064453 -0.01691041886806488
-0.09547384828329086 0.4091053009033203 0.04443486034870148
0.15114912390708923 0.7543815970420837 0.1416005790233612
-0.0594639889895916 0.7318906188011169 0.24555809795856476
-0.005705392453819513 -0.6276501417160034 -0.3212035596370697
0.17258518934249878 -0.45874330401420593 -0.13199438154697418
-0.16437645256519318 -0.4760885238647461 -0.1262744963169098
0.21048720180988312 -0.22260889410972595 -0.0868365466594696
-0.2160758376121521 -0.21916396915912628 -0.05962514504790306
0.26879751682281494 -0.004117489792406559 -0.16513654589653015
-0.2564239203929901 0.015450702980160713 -0.13157647848129272
0.11687722057104111 0.0077760289423167706 -0.009586646221578121
-0.11728546768426895 -0.008459257893264294 0.010824643075466156
0.09259139746427536 0.4116159975528717 -0.016863243654370308
-0.09491638839244843 0.40970394015312195 0.0441385842859745
0.1512189507484436 0.7543754577636719 0.1411457061767578
-0.05931540206074715 0.7319182753562927 0.24592803418636322
-0.005688069853931665 -0.6276458501815796 -0.32081612944602966
0.17259334027767181 -0.458722859621048 -0.13201455771923065
-0.16415762901306152 -0.47609075903892517 -0.12591031193733215
0.2105526626110077 -0.22263678908348083 -0.08703511208295822
-0.215925395488739 -0.2191157042980194 -0.059302281588315964
0.2691883146762848 -0.004141461104154587 -0.1651621162891388
-0.2564215362071991 0.015822436660528183 -0.13103017210960388
0.11686673760414124 0.007770375348627567 -0.009778418578207493
-0.11727602034807205 -0.00845328439027071 0.01101405918598175
0.0925840437412262 0.4117645025253296 -0.016961079090833664
-0.09491270035505295 0.40972432494163513 0.044139012694358826
0.1519191861152649 0.7547609806060791 0.14101150631904602
-0.05927342548966408 0.7330091595649719 0.24354204535484314
-0.005381891969591379 -0.6274538636207581 -0.3219156563282013
0.17271901667118073 -0.45877793431282043 -0.13240279257297516
-0.16415448486804962 -0.47589749097824097 -0.12641020119190216
0.2111007571220398 -0.22266241908073425 -0.08742931485176086
-0.21587879955768585 -0.21868212521076202 -0.05983242765069008
0.2697770297527313 -0.003879202762618661 -0.16547474265098572
-0.2565072476863861 0.01660376787185669 -0.13202646374702454
0.11687669157981873 0.007766682654619217 -0.00982813909649849
-0.1172865554690361 -0.00844916608184576 0.011061031371355057
0.09247300028800964 0.4118480086326599 -0.01709749549627304
-0.09507445991039276 0.4097389876842499 0.045500364154577255
0.15205807983875275 0.755725085735321 0.13589712977409363
-0.059473905712366104 0.7332596778869629 0.2445273995399475
-0.005372792482376099 -0.6272465586662292 -0.32216906547546387
0.1727026402950287 -0.45881590247154236 -0.13241611421108246
-0.1642104685306549 -0.4760664403438568 -0.1265544891357422
0.21113234758377075 -0.22271861135959625 -0.08739781379699707
-0.21574744582176208 -0.21872109174728394 -0.059957291930913925
0.2698086202144623 -0.003754451870918274 -0.16534478962421417
-0.25661852955818176 0.016734616830945015 -0.13231806457042694
0.11687704920768738 0.007766935508698225 -0.009789742529392242
-0.1172867864370346 -0.008449289947748184 0.011021978221833706
0.09265664219856262 0.41185981035232544 -0.017541367560625076
-0.0950736254453659 0.4097462296485901 0.04553474113345146
0.15199726819992065 0.755875825881958 0.1342686414718628
-0.05972374230623245 0.7332260012626648 0.2458752691745758
-0.004995198920369148 -0.6272651553153992 -0.3210119307041168
0.17270657420158386 -0.4592556655406952 -0.1317528337240219
-0.1641474962234497 -0.47611984610557556 -0.1250045895576477
0.21111361682415009 -0.2236628383398056 -0.08721698075532913
-0.21580691635608673 -0.21897272765636444 -0.05850733444094658
0.2697826325893402 -0.004422357771545649 -0.16564328968524933
-0.2573609948158264 0.015992527827620506 -0.13142429292201996
0.11687731742858887 0.0077591086737811565 -0.009927116334438324
-0.11728711426258087 -0.008441487327218056 0.011161393485963345
0.09206218272447586 0.41224998235702515 -0.017604537308216095
-0.09588728845119476 0.4097297489643097 0.044290170073509216
0.15202486515045166 0.7560297846794128 0.13563604652881622
-0.06040741130709648 0.7357816696166992 0.23586365580558777
-0.004708700347691774 -0.6272828578948975 -0.3201943337917328
0.17270618677139282 -0.4595959484577179 -0.13123464584350586
-0.16411133110523224 -0.47616901993751526 -0.1239449679851532
0.2110951542854309 -0.2243669033050537 -0.08703330904245377
-0.2158592790365219 -0.2191949486732483 -0.05749624967575073
0.2697675824165344 -0.004938467871397734 -0.16583353281021118
-0.2578716278076172 0.015438183210790157 -0.1307658851146698
0.11687726527452469 0.007750939577817917 -0.010038124397397041
-0.11728720366954803 -0.00843336433172226 0.011274030432105064
0.09155670553445816 0.4125509262084961 -0.01766621693968773
-0.09650962054729462 0.4097205698490143 0.04330272227525711
0.1520305722951889 0.756156325340271 0.13654500246047974
-0.06098691001534462 0.7374489307403564 0.2308330088853836
-0.004431355744600296 -0.6272180676460266 -0.32022571563720703
0.1730688065290451 -0.4595288932323456 -0.13144879043102264
-0.16365082561969757 -0.47617819905281067 -0.12404544651508331
0.21139220893383026 -0.22424039244651794 -0.0871596708893776
-0.21545588970184326 -0.21918007731437683 -0.05758306011557579
0.2703997790813446 -0.004827871453016996 -0.16584785282611847
-0.2575100362300873 0.015511812642216682 -0.13082677125930786
0.11687921732664108 0.007752206176519394 -0.010059691034257412
-0.11728961765766144 -0.008434291929006577 0.011294721625745296
0.09186103940010071 0.41247570514678955 -0.01713343895971775
-0.09607125073671341 0.40971264243125916 0.04357299953699112
0.15268398821353912 0.7554919123649597 0.14246335625648499
-0.06045295670628548 0.7370077967643738 0.23418673872947693
-0.004411314148455858 -0.6269481182098389 -0.3213076889514923
0.17309071123600006 -0.4594665765762329 -0.13267825543880463
-0.1636369824409485 -0.4761803448200226 -0.1250496655702591
0.2114570438861847 -0.22419898211956024 -0.08867943286895752
-0.21546544134616852 -0.2191409021615982 -0.05850405618548393
0.27040496468544006 -0.004822779446840286 -0.16756503283977509
-0.25704553723335266 0.015932615846395493 -0.1313372254371643
0.11687333136796951 0.007751608267426491 -0.010076317004859447
-0.11728426069021225 -0.00843347329646349 0.011310108937323093
0.09236159175634384 0.41231948137283325 -0.01713836006820202
-0.0954723209142685 0.4095851480960846 0.04659218341112137
0.15296493470668793 0.7555392384529114 0.14101049304008484
-0.059320829808712006 0.7369737029075623 0.23953740298748016
-0.004458630923181772 -0.6272634267807007 -0.32106873393058777
0.17312045395374298 -0.45955589413642883 -0.13256552815437317
-0.16365335881710052 -0.4766141176223755 -0.1247977688908577
0.21115612983703613 -0.22417664527893066 -0.0886436402797699
-0.21543091535568237 -0.21925735473632812 -0.058361124247312546
0.26994067430496216 -0.004757315386086702 -0.1676483154296875
-0.25697043538093567 0.01592371240258217 -0.13139145076274872
0.11687365174293518 0.007756879553198814 -0.010248890146613121
-0.11728566884994507 -0.008438452146947384 0.011475112289190292
0.09231556951999664 0.41231048107147217 -0.01686764694750309
-0.09502173960208893 0.4095846712589264 0.04873037338256836
0.15299244225025177 0.7555501461029053 0.14027556777000427
-0.05929765850305557 0.7369484305381775 0.24323377013206482
-0.004549113102257252 -0.6268631815910339 -0.32181984186172485
0.17311500012874603 -0.4595181345939636 -0.13271774351596832
-0.16367590427398682 -0.47662287950515747 -0.12584111094474792
0.21110369265079498 -0.2240719497203827 -0.08851873129606247
-0.21523410081863403 -0.21919667720794678 -0.059433650225400925
0.2699500322341919 -0.004651624709367752 -0.16704301536083221
-0.25653761625289917 0.016068272292613983 -0.13270775973796844
0.1169009730219841 0.007740615401417017 -0.010223520919680595
-0.11731528490781784 -0.00842265971004963 0.011449768207967281
0.09233908355236053 0.41226452589035034 -0.016754260286688805
-0.09503225982189178 0.40960565209388733 0.048617616295814514
0.15311302244663239 0.7548067569732666 0.14283199608325958
-0.05908187851309776 0.7361336350440979 0.24475373327732086
-0.004576055333018303 -0.6268128156661987 -0.32195088267326355
0.1730758249759674 -0.45949140191078186 -0.13292323052883148
-0.16366581618785858 -0.4765453636646271 -0.1262323409318924
0.2110803723335266 -0.22405710816383362 -0.08865799754858017
-0.21521642804145813 -0.2190309464931488 -0.05993768200278282
0.2696448564529419 -0.004382733721286058 -0.16697901487350464
-0.2566230595111847 0.01657555066049099 -0.13286516070365906
0.11687890440225601 0.007734185084700584 -0.010114741511642933
-0.11729299277067184 -0.008416159078478813 0.01133959461003542
0.09276069700717926 0.4123271107673645 -0.01595381274819374
-0.09461867809295654 0.40939581394195557 0.04845745489001274
0.1529870182275772 0.7562186121940613 0.14275553822517395
-0.05905408784747124 0.73750239610672 0.24074581265449524
-0.004599188454449177 -0.6259649991989136 -0.32351991534233093
0.1731528490781784 -0.4593220353126526 -0.1343415379524231
-0.1635979413986206 -0.47651544213294983 -0.12769947946071625
0.21112622320652008 -0.2236211895942688 -0.0897441953420639
-0.2149588018655777 -0.21897828578948975 -0.061510179191827774
0.2697671949863434 -0.003948722966015339 -0.1674557626247406
-0.25631406903266907 0.016891978681087494 -0.13433904945850372
0.11687853187322617 0.007735434919595718 -0.010125137865543365
-0.11729387938976288 -0.008417345583438873 0.011348491534590721
0.09263446927070618 0.4123203456401825 -0.015393582172691822
-0.09428239613771439 0.4096699357032776 0.04842086881399155
0.1529790759086609 0.756798267364502 0.14080429077148438
-0.05906010791659355 0.7377973794937134 0.24080966413021088
-0.004726510960608721 -0.6260446310043335 -0.32372725009918213
0.1730325073003769 -0.45907333493232727 -0.13490961492061615
-0.16364288330078125 -0.4764750301837921 -0.12793733179569244
0.21082481741905212 -0.22309893369674683 -0.09014713764190674
-0.21501541137695312 -0.21895359456539154 -0.061638977378606796
0.2695845067501068 -0.003749906551092863 -0.16752083599567413
-0.25623565912246704 0.01673380471765995 -0.13439688086509705
0.11687615513801575 0.007738188840448856 -0.010159758850932121
-0.11729228496551514 -0.008420095779001713 0.011381999589502811
0.09267846494913101 0.41234955191612244 -0.015309124253690243
-0.09432970732450485 0.4094063639640808 0.05007801204919815
0.15363195538520813 0.7570968866348267 0.14022547006607056
-0.05903596058487892 0.737916886806488 0.24146193265914917
-0.00549673056229949 -0.6275517344474792 -0.31974852085113525
0.17309148609638214 -0.459768682718277 -0.13228395581245422
-0.16365009546279907 -0.4776556193828583 -0.12362253665924072
0.21148984134197235 -0.22368188202381134 -0.08817195147275925
-0.21492621302604675 -0.21980156004428864 -0.05650081858038902
0.27076101303100586 -0.004367366433143616 -0.16697856783866882
-0.25618183612823486 0.01586337946355343 -0.1296321302652359
0.1168949156999588 0.007735937833786011 -0.010163364931941032
-0.11731161922216415 -0.008417444303631783 0.011385140009224415
0.09284760802984238 0.4123179614543915 -0.01617182418704033
-0.0936940610408783 0.4095146059989929 0.05003369599580765
0.1545059084892273 0.756570041179657 0.1401926875114441
-0.056463371962308884 0.7366145253181458 0.24944627285003662
-0.007425907999277115 -0.6261183619499207 -0.3209133446216583
0.1715497374534607 -0.45921024680137634 -0.13440373539924622
-0.16409793496131897 -0.47574183344841003 -0.12366678565740585
0.21149873733520508 -0.22344814240932465 -0.09229563921689987
-0.21492081880569458 -0.21889667212963104 -0.05657273530960083
0.27083343267440796 -0.0043017505668103695 -0.16953425109386444
-0.2551259994506836 0.01611294411122799 -0.12875686585903168
0.11686298251152039 0.00765528017655015 -0.010155901312828064
-0.11727447807788849 -0.008332918398082256 0.011377940885722637
0.0929030328989029 0.41238486766815186 -0.0182623453438282
-0.09342386573553085 0.40984711050987244 0.043417442589998245
0.1558874547481537 0.7598840594291687 0.12951910495758057
-0.05279785022139549 0.7367874979972839 0.23682120442390442
-0.011834030970931053 -0.62610924243927 -0.3208511769771576
0.17055365443229675 -0.4590793251991272 -0.13484404981136322
-0.16413965821266174 -0.47551843523979187 -0.12296611815690994
0.21155163645744324 -0.22324685752391815 -0.09355515986680984
-0.21297724545001984 -0.21841756999492645 -0.0555729866027832
0.27140164375305176 -0.004003759939223528 -0.17037414014339447
-0.25317350029945374 0.016522811725735664 -0.1276160627603531
0.11683861911296844 0.007615217939019203 -0.010169980116188526
-0.11724796891212463 -0.00829142052680254 0.011392327956855297
0.09304092079401016 0.4123304784297943 -0.01934530958533287
-0.09313038736581802 0.41013234853744507 0.03889188542962074
0.15763168036937714 0.7598481774330139 0.12983344495296478
-0.04926099628210068 0.7359031438827515 0.2367117702960968
-0.013405932113528252 -0.6259424686431885 -0.31938692927360535
0.167907252907753 -0.4603838324546814 -0.13484889268875122
-0.16416412591934204 -0.4758477807044983 -0.11597561091184616
0.21155805885791779 -0.2248496115207672 -0.09368821233510971
-0.2082618921995163 -0.21886399388313293 -0.04589743912220001
0.271056205034256 -0.00394169008359313 -0.170551598072052
-0.2458205372095108 0.016039585694670677 -0.11856068670749664
0.11668246984481812 0.007466176059097052 -0.01058389525860548
-0.11707048118114471 -0.00813479907810688 0.01180499978363514
0.09327621012926102 0.41241785883903503 -0.022800177335739136
-0.09226524829864502 0.41013893485069275 0.035039424896240234
0.16038595139980316 0.7589300870895386 0.1339065432548523
-0.038015127182006836 0.7356708645820618 0.23613324761390686
-0.014350340701639652 -0.6259489059448242 -0.3162561357021332
0.16780172288417816 -0.46095937490463257 -0.13501425087451935
-0.1618022322654724 -0.47608187794685364 -0.11077140271663666
0.21397913992404938 -0.22518549859523773 -0.09559553116559982
-0.19686217606067657 -0.21889567375183105 -0.040792327374219894
0.2724088728427887 -0.0036048023030161858 -0.17117640376091003
-0.2359653264284134 0.015654431656003 -0.1142311543226242
0.11628407984972 0.007458276581019163 -0.0109201455488801
-0.11664512753486633 -0.00812643114477396 0.01213474478572607
0.09338123351335526 0.41242069005966187 -0.02271321229636669
-0.0883810743689537 0.40843668580055237 0.035431478172540665
0.16095517575740814 0.7589569687843323 0.13520954549312592
-0.028934739530086517 0.7357144355773926 0.2314276397228241
-0.017850631847977638 -0.6250690221786499 -0.3159927427768707
0.16490809619426727 -0.4624343514442444 -0.13929365575313568
-0.16129425168037415 -0.4761652946472168 -0.10664824396371841
0.2135322391986847 -0.22566063702106476 -0.10219313204288483
-0.18818970024585724 -0.21881979703903198 -0.033726684749126434
0.27074068784713745 -0.0030941427685320377 -0.17420895397663116
-0.22886066138744354 0.01570153795182705 -0.10622821748256683
0.11582335829734802 0.007306417915970087 -0.01231386698782444
-0.11615666002035141 -0.00796506553888321 0.013519837521016598
0.09249473363161087 0.41239720582962036 -0.023148933425545692
-0.08412272483110428 0.40838271379470825 0.038941603153944016
0.15982621908187866 0.7591779232025146 0.13300608098506927
-0.018759705126285553 0.7372846007347107 0.23180635273456573
-0.021285803988575935 -0.6251429915428162 -0.31485557556152344
0.16202768683433533 -0.46474185585975647 -0.13917703926563263
-0.16259190440177917 -0.476051390171051 -0.10568828135728836
0.21187767386436462 -0.22733387351036072 -0.1019379198551178
-0.18691477179527283 -0.21781527996063232 -0.03289216384291649
0.26782888174057007 -0.002955015515908599 -0.17420971393585205
-0.22556890547275543 0.016696378588676453 -0.10423576831817627
0.11555106192827225 0.007216847501695156 -0.012371648102998734
-0.11586137115955353 -0.00786852277815342 0.013573693111538887
0.09085777401924133 0.41251885890960693 -0.023409072309732437
-0.08426428586244583 0.4046627879142761 0.03940509632229805
0.15838879346847534 0.7585742473602295 0.13305960595607758
-0.018152274191379547 0.737156331539154 0.23213247954845428
-0.022569093853235245 -0.6200347542762756 -0.3150549829006195
0.16142334043979645 -0.4648876190185547 -0.14583593606948853
-0.15948569774627686 -0.4760323762893677 -0.10062225908041
0.21185803413391113 -0.2273179143667221 -0.11255709081888199
-0.17579059302806854 -0.21710321307182312 -0.02374778874218464
0.26634570956230164 -0.001575545291416347 -0.18392153084278107
-0.2193286120891571 0.0166911743581295 -0.09732083976268768
0.11500009149312973 0.007173352409154177 -0.01823747158050537
-0.11529656499624252 -0.007821760140359402 0.01941314898431301
0.08624538034200668 0.4124566912651062 -0.03378646820783615
-0.08471886068582535 0.40437713265419006 0.048293158411979675
0.15978407859802246 0.7579144239425659 0.11520010977983475
-0.016401629894971848 0.7405188679695129 0.2331874966621399
-0.022218875586986542 -0.6201392412185669 -0.27208536863327026
0.16153644025325775 -0.47219201922416687 -0.13729555904865265
-0.13309352099895477 -0.47607123851776123 -0.03431962803006172
0.2112455815076828 -0.23064105212688446 -0.11454912275075912
-0.1387386918067932 -0.21187683939933777 0.0330963097512722
0.2525118291378021 -0.0026761319022625685 -0.18670204281806946
-0.19374945759773254 0.017180941998958588 -0.04695155844092369
0.11077891290187836 0.006899097468703985 -0.032754212617874146
-0.11105114221572876 -0.007532504852861166 0.033880919218063354
0.07620450854301453 0.41242894530296326 -0.042769499123096466
-0.07274831086397171 0.40439480543136597 0.07477904856204987
0.15714184939861298 0.7654575705528259 0.03958633542060852
-0.001024167169816792 0.7577115893363953 0.22146019339561462
-0.022054241970181465 -0.6223162412643433 -0.2520267963409424
0.1616048514842987 -0.47827112674713135 -0.12767750024795532
-0.12513817846775055 -0.47644758224487305 -0.012155434116721153
0.21153181791305542 -0.23525017499923706 -0.11398148536682129
-0.12469963729381561 -0.21009878814220428 0.048896901309490204
0.2432418316602707 -0.003924751188606024 -0.18636788427829742
-0.18373924493789673 0.017192533239722252 -0.03410482034087181
0.10798311233520508 0.006448952481150627 -0.040271639823913574
-0.10821927338838577 -0.007058705668896437 0.041397158056497574
0.07508689165115356 0.412619948387146 -0.041942298412323
-0.06300102174282074 0.40443751215934753 0.08251725137233734
0.1573822945356369 0.7660665512084961 0.04643888771533966
0.009551086463034153 0.7643312811851501 0.2111857682466507
-0.023439371958374977 -0.6223505139350891 -0.22102166712284088
0.16137301921844482 -0.4801921248435974 -0.11680711060762405
-0.11090371012687683 -0.47521477937698364 0.024608008563518524
0.21153797209262848 -0.23512563109397888 -0.11359071731567383
-0.10945546627044678 -0.20620428025722504 0.0781293511390686
0.23119039833545685 0.0004986889543943107 -0.172231063246727
-0.16834953427314758 0.016852663829922676 -0.010493158362805843
0.10449840873479843 0.00622097123414278 -0.047814637422561646
-0.10470962524414062 -0.006813546176999807 0.048918455839157104
0.07156474888324738 0.4130847454071045 -0.04825975373387337
-0.06268221139907837 0.4042495787143707 0.08864698559045792
0.15692098438739777 0.7673613429069519 0.02041197568178177
0.007841259241104126 0.7695827484130859 0.2007552683353424
-0.025120187550783157 -0.6238892078399658 -0.2063373327255249
0.1600702852010727 -0.4824376106262207 -0.11156664788722992
-0.10265135765075684 -0.47522035241127014 0.04267316311597824
0.21149393916130066 -0.23585732281208038 -0.11497754603624344
-0.10252830386161804 -0.20523765683174133 0.09675242751836777
0.22467301785945892 0.0006101097096689045 -0.17219774425029755
-0.1678987443447113 0.012519692070782185 0.007183097768574953
0.10124140977859497 0.006162031088024378 -0.05396163836121559
-0.10151027143001556 -0.006756254471838474 0.05499224737286568
0.07087361067533493 0.4132971167564392 -0.05998685956001282
-0.05867133289575577 0.4036639630794525 0.09922080487012863
0.15673092007637024 0.7677492499351501 -0.0038706092163920403
0.010219399817287922 0.7711985111236572 0.20364710688591003
-0.03464246913790703 -0.6285793781280518 -0.18744488060474396
0.1547638326883316 -0.48593103885650635 -0.11194062232971191
-0.08226028084754944 -0.47839659452438354 0.06212073564529419
0.20746463537216187 -0.2377731204032898 -0.13121668994426727
-0.07567161321640015 -0.20624615252017975 0.12029964476823807
0.2146023064851761 0.0023458758369088173 -0.1741683930158615
-0.1493852287530899 0.00960906408727169 0.03404557704925537
0.09531287103891373 0.00627967668697238 -0.06156561151146889
-0.09561730176210403 -0.0068718427792191505 0.06252477318048477
0.06452571600675583 0.414926677942276 -0.06706339865922928
-0.0575617291033268 0.4017360508441925 0.11569267511367798
0.15431970357894897 0.7675889134407043 -0.012660028412938118
0.009735610336065292 0.7698886394500732 0.22629448771476746
-0.037123002111911774 -0.6367701292037964 -0.16197258234024048
0.14753784239292145 -0.48832017183303833 -0.11338255554437637
-0.06247599050402641 -0.4821358621120453 0.0982280820608139
0.20539090037345886 -0.2378232181072235 -0.1359233558177948
-0.03984178230166435 -0.21309801936149597 0.15353555977344513
0.20594047009944916 0.0030020340345799923 -0.16412349045276642
-0.09271064400672913 -0.017007380723953247 0.06641925871372223
0.08885607123374939 0.00638216407969594 -0.06774867326021194
-0.08904821425676346 -0.006962631829082966 0.06876613199710846
0.0600070022046566 0.4195038676261902 -0.07252027839422226
-0.0494200624525547 0.40126723051071167 0.1275533139705658
0.15170907974243164 0.7696022391319275 -0.040180888026952744
0.01040515024214983 0.7718715667724609 0.23982582986354828
-0.04001878947019577 -0.6368359327316284 -0.1684296578168869
0.14504565298557281 -0.48810604214668274 -0.12139157205820084
-0.055310431867837906 -0.4857434630393982 0.09407611191272736
0.20157158374786377 -0.23763231933116913 -0.1445697844028473
-0.021036390215158463 -0.22089698910713196 0.15164999663829803
0.1934548318386078 0.006661855615675449 -0.15927569568157196
-0.06770599633455276 -0.034436408430337906 0.06478483974933624
0.08529668301343918 0.006841285619884729 -0.07045130431652069
-0.08537796139717102 -0.007402337156236172 0.07156795263290405
0.06079329177737236 0.4213135242462158 -0.07266512513160706
-0.04675440862774849 0.40084660053253174 0.13308383524417877
0.15176770091056824 0.7695456743240356 -0.035048265010118484
0.008984855376183987 0.7717310190200806 0.24784617125988007
-0.041238974779844284 -0.637485146522522 -0.17032773792743683
0.13638225197792053 -0.4876525402069092 -0.1282164603471756
-0.052365656942129135 -0.4865974187850952 0.10023124516010284
0.1896657794713974 -0.233387753367424 -0.15026593208312988
-0.01542612537741661 -0.22121664881706238 0.1553235948085785
0.1797153651714325 0.015580806881189346 -0.1591343730688095
-0.060640133917331696 -0.032992832362651825 0.06895509362220764
0.08090199530124664 0.007043615449219942 -0.07398807257413864
-0.08089655637741089 -0.0075955078937113285 0.07513917237520218
0.059766627848148346 0.423702210187912 -0.07548891752958298
-0.04533268138766289 0.40104940533638 0.13973325490951538
0.1465592086315155 0.7754947543144226 -0.042327191680669785
0.008497570641338825 0.7757551074028015 0.25860172510147095
-0.04540964961051941 -0.6368157863616943 -0.1602230668067932
0.12597224116325378 -0.48735499382019043 -0.15097856521606445
-0.03420257195830345 -0.4872707724571228 0.10124338418245316
0.16062158346176147 -0.2306596338748932 -0.1746368110179901
0.010844363830983639 -0.22053611278533936 0.14431887865066528
0.137472465634346 0.015158695168793201 -0.1595899909734726
-0.020041709765791893 -0.031726591289043427 0.07284457981586456
0.07425567507743835 0.007554080802947283 -0.07637429982423782
-0.0741959810256958 -0.008047332987189293 0.07758212089538574
0.05636337399482727 0.4242435097694397 -0.07502642273902893
-0.04661049693822861 0.3985060155391693 0.15578752756118774
0.1346944272518158 0.7758011817932129 -0.0482986681163311
-0.0012346678413450718 0.7744655013084412 0.2799837589263916
-0.0542973130941391 -0.6345670819282532 -0.15926669538021088
0.11174271255731583 -0.4867405295372009 -0.16371305286884308
-0.032346803694963455 -0.4871693253517151 0.10044914484024048
0.14003893733024597 -0.22824835777282715 -0.18594945967197418
0.015006328001618385 -0.21594537794589996 0.13844026625156403
0.11862190067768097 0.01598266139626503 -0.15996891260147095
-0.00692152651026845 -0.016011813655495644 0.07254976034164429
0.06897681206464767 0.00769191375002265 -0.0788700208067894
-0.06886333227157593 -0.00815854873508215 0.08013328909873962
0.05128474906086922 0.4242974817752838 -0.07386758178472519
-0.04759035259485245 0.3979273736476898 0.15672166645526886
0.12594862282276154 0.775808572769165 -0.04414740577340126
-0.008922098204493523 0.7738144993782043 0.27611804008483887
-0.05868087708950043 -0.6344653367996216 -0.15510132908821106
0.10711722075939178 -0.48657795786857605 -0.1696535050868988
-0.028934452682733536 -0.4871947765350342 0.1030740886926651
0.13649682700634003 -0.22762659192085266 -0.19289880990982056
0.02198963239789009 -0.21232835948467255 0.13878270983695984
0.11487032473087311 0.01561720296740532 -0.16085104644298553
-0.00046242240932770073 -0.005498799961060286 0.07618682086467743
0.06600270420312881 0.007752654608339071 -0.08059725165367126
-0.06589227169752121 -0.00820477120578289 0.08188056200742722
0.04892487823963165 0.4242230951786041 -0.07331737130880356
-0.048267900943756104 0.3971567749977112 0.15732280910015106
0.12284016609191895 0.775600790977478 -0.04188002273440361
-0.013483742251992226 0.7733373641967773 0.2745630741119385
-0.05838927999138832 -0.6343847513198853 -0.1552368551492691
0.10830480605363846 -0.48628100752830505 -0.16812947392463684
-0.03208611533045769 -0.4873300790786743 0.10043807327747345
0.1361960619688034 -0.22759400308132172 -0.18980537354946136
0.017178134992718697 -0.21030399203300476 0.1359860599040985
0.1151319146156311 0.01532772183418274 -0.16112086176872253
-0.0033698987681418657 -0.0004082223167642951 0.07184240221977234
0.06620460748672485 0.007782517466694117 -0.08028887957334518
-0.06610321998596191 -0.00822647288441658 0.08157514035701752
0.04863779991865158 0.42389070987701416 -0.07265853881835938
-0.048678670078516006 0.39632654190063477 0.15645641088485718
0.12475356459617615 0.7732291221618652 -0.038973115384578705
-0.015504793263971806 0.7720410823822021 0.27353671193122864
-0.05865809693932533 -0.6343128085136414 -0.15606175363063812
0.10534001141786575 -0.4860530197620392 -0.16725128889083862
-0.03539787232875824 -0.4873220920562744 0.0987885594367981
0.1320158690214157 -0.22758960723876953 -0.18769283592700958
0.009994798339903355 -0.2090991735458374 0.13395343720912933
0.11212433874607086 0.015286767855286598 -0.16097460687160492
-0.010923224501311779 0.003396202577278018 0.06988558918237686
0.06496155261993408 0.007746697403490543 -0.08049999922513962
-0.06484324485063553 -0.008178564719855785 0.0817667692899704
0.04729070886969566 0.4223873019218445 -0.07216416299343109
-0.04916904494166374 0.39614561200141907 0.15361754596233368
0.1259654313325882 0.7712066173553467 -0.036211609840393066
-0.016371240839362144 0.7718362212181091 0.2722049057483673
-0.060327865183353424 -0.632843554019928 -0.1643790602684021
0.10245934873819351 -0.48517173528671265 -0.18133629858493805
-0.03616718947887421 -0.48730531334877014 0.09404843300580978
0.12433948367834091 -0.2274126410484314 -0.202741801738739
0.005550067406147718 -0.20901305973529816 0.13202154636383057
0.09900972992181778 0.015804091468453407 -0.17715686559677124
-0.02224596031010151 0.00388336437754333 0.06579679995775223
0.06191645562648773 0.00775556918233633 -0.0823153555393219
-0.06181459128856659 -0.008186852559447289 0.08352158963680267
0.04379582777619362 0.42041945457458496 -0.07294517755508423
-0.0496310256421566 0.395385205745697 0.15963800251483917
0.12594158947467804 0.7700803279876709 -0.03803187236189842
-0.015781786292791367 0.7714325189590454 0.2768673896789551
-0.06021948903799057 -0.6293361783027649 -0.16620786488056183
0.0878705084323883 -0.48340362310409546 -0.18620464205741882
-0.027140256017446518 -0.4868019223213196 0.0974745824933052
0.10884315520524979 -0.22742390632629395 -0.21154570579528809
0.02115539461374283 -0.20775733888149261 0.1346467137336731
0.08480445295572281 0.017126331105828285 -0.18976502120494843
-0.008298522792756557 0.007934041321277618 0.07190272212028503
0.050996679812669754 0.006879327818751335 -0.08664626628160477
-0.05089426785707474 -0.007347445003688335 0.08787288516759872
0.027398383244872093 0.4200911521911621 -0.0728023499250412
-0.031035367399454117 0.39842554926872253 0.1568431854248047
0.11669453978538513 0.7700535655021667 -0.037014517933130264
0.029923558235168457 0.7742967009544373 0.26238611340522766
-0.059927064925432205 -0.6250259280204773 -0.17069607973098755
0.07930462807416916 -0.48058250546455383 -0.1921141892671585
-0.021387360990047455 -0.48410725593566895 0.09675133228302002
0.09748032689094543 -0.22709546983242035 -0.22160358726978302
0.02418900839984417 -0.2055533230304718 0.13578824698925018
0.07361074537038803 0.019081920385360718 -0.2074100524187088
-0.0033591364044696093 0.008846580982208252 0.0744074285030365
0.04361208528280258 0.006295862607657909 -0.0885808989405632
-0.043491847813129425 -0.006794145796447992 0.08984775841236115
0.01914980635046959 0.4191933572292328 -0.07252003997564316
-0.015619821846485138 0.3994840383529663 0.1489543914794922
0.10054732859134674 0.770158588886261 -0.03525908291339874
0.05727367475628853 0.7750136256217957 0.2295839935541153
-0.06810132414102554 -0.6078836917877197 -0.156483992934227
0.06373003125190735 -0.4821069836616516 -0.18837672472000122
-0.01814083196222782 -0.4830196499824524 0.12221778184175491
0.08663032203912735 -0.23272450268268585 -0.22397999465465546
0.02894296683371067 -0.20430722832679749 0.15689240396022797
0.0656849592924118 0.016283351927995682 -0.22782577574253082
-0.005041135475039482 0.01739485375583172 0.1019960567355156
0.03742476925253868 0.005357041954994202 -0.0935891792178154
-0.03744671493768692 -0.00590025307610631 0.09485187381505966
-0.0002750761923380196 0.41907522082328796 -0.08098261058330536
-0.015049927867949009 0.4020269811153412 0.14835169911384583
0.09047512710094452 0.7752928733825684 -0.06303912401199341
0.0590038038790226 0.776503324508667 0.2225540429353714
-0.07602234929800034 -0.603206217288971 -0.1552000790834427
0.05615829676389694 -0.4822050929069519 -0.18778124451637268
-0.019417589530348778 -0.48245733976364136 0.12351921200752258
0.07926993072032928 -0.23354819416999817 -0.22701206803321838
0.02920905128121376 -0.20322641730308533 0.15950907766819
0.059211552143096924 0.016235288232564926 -0.23075835406780243
-0.0053886594250798225 0.02147015929222107 0.10313067585229874
0.03579522296786308 0.0050048865377902985 -0.0951622724533081
-0.03583285212516785 -0.005559760611504316 0.09643460810184479
-0.0030061814468353987 0.4189879596233368 -0.08333710581064224
-0.01688503287732601 0.4031964838504791 0.147736594080925
0.08559124171733856 0.7791343331336975 -0.06831543147563934
0.059299763292074203 0.7769144177436829 0.2237493097782135
-0.07711958885192871 -0.5995956659317017 -0.13470174372196198
0.05246039852499962 -0.48231810331344604 -0.18645314872264862
-0.010708155110478401 -0.48231297731399536 0.13854065537452698
0.07561394572257996 -0.233458012342453 -0.22511298954486847
0.04177770018577576 -0.2030925452709198 0.17095227539539337
0.05836670473217964 0.01791154406964779 -0.22711610794067383
0.007896571420133114 0.027546100318431854 0.11651944369077682
0.032357994467020035 0.004623448941856623 -0.09671642631292343
-0.03240188956260681 -0.005169058684259653 0.09800133854150772
-0.008213674649596214 0.4198819100856781 -0.0854778066277504
-0.011754751205444336 0.4044017195701599 0.1372717320919037
0.09015508741140366 0.7818638682365417 -0.07311111688613892
0.07200891524553299 0.778027355670929 0.19605745375156403
-0.08479303121566772 -0.5936923027038574 -0.1335536241531372
0.045215312391519547 -0.4804548919200897 -0.1857226938009262
-0.012667662464082241 -0.4794336259365082 0.13493071496486664
0.06742934882640839 -0.23238594830036163 -0.2310260385274887
0.0393226332962513 -0.20079563558101654 0.16811320185661316
0.04943028837442398 0.019314777106046677 -0.23110322654247284
0.011329185217618942 0.03704328089952469 0.11300113052129745
0.03091551922261715 0.003931089304387569 -0.09701932221651077
-0.030924875289201736 -0.004459691233932972 0.0983341708779335
-0.012614336796104908 0.41987037658691406 -0.08484216034412384
-0.01195369753986597 0.4046795666217804 0.12161966413259506
0.0907067283987999 0.7816259860992432 -0.0676996186375618
0.07773979753255844 0.7777915000915527 0.16715943813323975
-0.10383430868387222 -0.585740864276886 -0.13796015083789825
0.024887070059776306 -0.477570116519928 -0.1867351084947586
-0.02113999053835869 -0.475864052772522 0.1305534392595291
0.03369669243693352 -0.22561894357204437 -0.23536162078380585
0.029826335608959198 -0.20026783645153046 0.16664285957813263
0.029402971267700195 0.027774756774306297 -0.23274295032024384
0.010398604907095432 0.04011538252234459 0.10803593695163727
0.025586824864149094 0.003465430811047554 -0.09640348702669144
-0.025674235075712204 -0.004021589644253254 0.0977153480052948
-0.0157986618578434 0.4134669303894043 -0.08494911342859268
-0.013457871042191982 0.4028257727622986 0.11170581728219986
0.05425388365983963 0.7775304913520813 -0.06496064364910126
0.07277372479438782 0.7762581706047058 0.16991163790225983
-0.10852484405040741 -0.5812153220176697 -0.1414857655763626
0.021806998178362846 -0.47365155816078186 -0.19118735194206238
-0.02967079170048237 -0.46973854303359985 0.125620037317276
0.029640426859259605 -0.22186923027038574 -0.2406732141971588
0.00976775772869587 -0.19788454473018646 0.1586132049560547
0.020147010684013367 0.028674965724349022 -0.2407403290271759
-0.007554627023637295 0.040562354028224945 0.10527434945106506
0.024210015311837196 0.0031010659877210855 -0.09593646228313446
-0.024302184581756592 -0.0036732410080730915 0.09724149852991104
-0.0201299749314785 0.41177570819854736 -0.08472423255443573
-0.014660539105534554 0.4020615816116333 0.10889244824647903
0.050695739686489105 0.7746962904930115 -0.06046043708920479
0.07187493145465851 0.7761585712432861 0.1687208116054535
-0.10968790203332901 -0.5820279121398926 -0.1637604832649231
0.02217864990234375 -0.4704273045063019 -0.19636793434619904
-0.03467782959342003 -0.46808043122291565 0.1126868799328804
0.030657188966870308 -0.22176411747932434 -0.24211490154266357
0.0020663829054683447 -0.19760745763778687 0.14718832075595856
0.017813269048929214 0.028262734413146973 -0.24634450674057007
-0.020333776250481606 0.03974514454603195 0.08877299726009369
0.024241240695118904 0.0030382301192730665 -0.09559845179319382
-0.024373887106776237 -0.00362903019413352 0.09689060598611832
-0.018994824960827827 0.41190895438194275 -0.08469671756029129
-0.012290282174944878 0.39973756670951843 0.11097954958677292
0.05070524290204048 0.7742905020713806 -0.0586560033261776
0.06692205369472504 0.7752413153648376 0.1767536699771881
-0.11324258148670197 -0.5792658925056458 -0.18273070454597473
0.01876080222427845 -0.4642731249332428 -0.20736287534236908
-0.03687582165002823 -0.4653298854827881 0.09550946950912476
0.021012675017118454 -0.21808207035064697 -0.24966640770435333
-0.0010797694558277726 -0.1972322314977646 0.13260826468467712
0.01063322089612484 0.03220922499895096 -0.25534355640411377
-0.027844564989209175 0.04083073139190674 0.07941190898418427
0.022915713489055634 0.003010503249242902 -0.09533153474330902
-0.023110562935471535 -0.003613398177549243 0.09661861509084702
-0.018113484606146812 0.4119962751865387 -0.08525585383176804
-0.011022691614925861 0.39608627557754517 0.11224361509084702
0.04824021831154823 0.7736589908599854 -0.057324644178152084
0.0631212443113327 0.7704818248748779 0.1804577261209488
-0.11263062059879303 -0.5785796642303467 -0.18641211092472076
0.019859593361616135 -0.46209827065467834 -0.209814190864563
-0.038333602249622345 -0.46414878964424133 0.08936993777751923
0.019856005907058716 -0.21803058683872223 -0.2501281797885895
-0.010633573867380619 -0.19765818119049072 0.1279192566871643
0.008038446307182312 0.030679991468787193 -0.25818929076194763
-0.04158887639641762 0.04054318368434906 0.07584229856729507
0.021687237545847893 0.002953331219032407 -0.09526900947093964
-0.021885858848690987 -0.0035698816645890474 0.09654282033443451
-0.017708778381347656 0.4119013547897339 -0.08530639111995697
-0.00870764721184969 0.39387384057044983 0.11288131773471832
0.05096152424812317 0.7721959948539734 -0.05643710121512413
0.06422635167837143 0.7670542001724243 0.18353532254695892
-0.1133519858121872 -0.5748846530914307 -0.21371810138225555
0.018654892221093178 -0.4574645161628723 -0.22310881316661835
-0.04553045332431793 -0.460615336894989 0.07129733264446259
0.01821220852434635 -0.21613050997257233 -0.25907260179519653
-0.021908143535256386 -0.19766581058502197 0.11957799643278122
0.004174934234470129 0.030314894393086433 -0.27338868379592896
-0.05802726745605469 0.03734416142106056 0.06743760406970978
0.02232097089290619 0.002899596467614174 -0.09513605386018753
-0.02251412905752659 -0.0035284983459860086 0.09640370309352875
-0.018292121589183807 0.41194745898246765 -0.0863696038722992
-0.009251662530004978 0.3939419388771057 0.11362587660551071
0.052741605788469315 0.7719441652297974 -0.055738382041454315
0.06235415115952492 0.7670619487762451 0.1854703277349472
-0.11414424329996109 -0.5744779706001282 -0.2114553451538086
0.017185408622026443 -0.45624008774757385 -0.22223730385303497
-0.04744268208742142 -0.45983660221099854 0.07339617609977722
0.01956937462091446 -0.21595874428749084 -0.2594848871231079
-0.022259825840592384 -0.19773894548416138 0.12098969519138336
0.005095706321299076 0.0300561785697937 -0.2746988832950592
-0.05995325744152069 0.036659467965364456 0.06797805428504944
0.022641215473413467 0.0028631817549467087 -0.09510014951229095
-0.02283482812345028 -0.0035010327119380236 0.09636244922876358
-0.019945116713643074 0.41220054030418396 -0.0891149714589119
-0.00897399615496397 0.39396899938583374 0.11420688033103943
0.05454541742801666 0.7709344029426575 -0.056491319090127945
0.06270872801542282 0.7669788002967834 0.1867724061012268
-0.11597514152526855 -0.5723365545272827 -0.20976851880550385
0.014137507416307926 -0.4538818895816803 -0.22427533566951752
-0.04879818484187126 -0.45941081643104553 0.07266805320978165
0.010199480690062046 -0.21503151953220367 -0.2633030414581299
-0.024369096383452415 -0.19861841201782227 0.12006068229675293
-0.0015339016681537032 0.029950080439448357 -0.2812963128089905
-0.062148500233888626 0.03625577688217163 0.06804704666137695
0.022106574848294258 0.0028407948557287455 -0.09518186002969742
-0.02231733314692974 -0.0034862500615417957 0.0964398980140686
-0.02509223110973835 0.4120638370513916 -0.09113766998052597
-0.009111355990171432 0.3931303918361664 0.1148529127240181
0.05735854059457779 0.7669678926467896 -0.056869469583034515
0.06165982410311699 0.7646053433418274 0.18738554418087006
-0.11560989916324615 -0.5732349753379822 -0.20650269091129303
0.014956741593778133 -0.45449957251548767 -0.22413195669651031
-0.048089705407619476 -0.4607650339603424 0.07413893938064575
0.009898657910525799 -0.21607442200183868 -0.26335594058036804
-0.022822551429271698 -0.20465798676013947 0.12010843306779861
-0.00456444313749671 0.024262670427560806 -0.27783405780792236
-0.06017063185572624 0.030505996197462082 0.0682138130068779
0.021131781861186028 0.0028622676618397236 -0.09518010914325714
-0.021346552297472954 -0.0035170274786651134 0.09643743932247162
-0.024944650009274483 0.4117635488510132 -0.09105696529150009
-0.009272589348256588 0.39204710721969604 0.11638779938220978
0.05836021155118942 0.7642194032669067 -0.05494910851120949
0.060956235975027084 0.7610926032066345 0.187896266579628
-0.11485770344734192 -0.5735612511634827 -0.20597459375858307
0.01601877063512802 -0.4548381567001343 -0.2225009649991989
-0.04677119478583336 -0.460904061794281 0.07487857341766357
0.01025459449738264 -0.21601790189743042 -0.26164984703063965
-0.021728726103901863 -0.20510299503803253 0.12062712013721466
-0.0031840887386351824 0.023305155336856842 -0.27489596605300903
-0.058396145701408386 0.03044130653142929 0.06836429983377457
0.020689651370048523 0.0028562801890075207 -0.09515217691659927
-0.020909076556563377 -0.0035153008066117764 0.0964081734418869
-0.02456863410770893 0.41170603036880493 -0.0908496305346489
-0.007150021381676197 0.39071139693260193 0.11663875728845596
0.0607648640871048 0.7641683220863342 -0.05442313477396965
0.06332073360681534 0.7591414451599121 0.1885787546634674